1.0 
1.3581559128098855 0.06283308468451834 2.62077308366044 0.7480761686998123 1.349328371293624  
0.6050534334939965 1.5209736396132236 4.358498239301195 2.982363092843955 0.22345343769061135  
0.50528338819803 1.1141684273390087 1.8754041060080615 0.3563571003099814 1.3747764478366047  
1.775412901330115 0.6229351888963593 0.649356192615767 0.7016981474489001 2.30201087675676  
1.0987791896963204 0.019081789886852822 1.262132877104208 1.7547891033025107 1.4647560960478438  
0.4053168956936096 0.11002161358155622 0.020993143059776547 0.636725324120157 0.9576715929478837  
2.293905843200399 2.566439460564372 1.448339380918983 0.055538425899890595 0.7802608620288893  
1.4864213564876778 1.8538129565942014 1.134809024846283 0.7607171421824398 0.40174022801208453  
5.690173214276337 0.41369221419140406 3.1250806588240994 1.6997675840144102 1.6551077866074058  
1.6148896526276693 0.28116052928972946 0.03779278779372766 2.4719811284135607 0.1058425597010642  
0.020095119734558846 0.027556835058466483 0.45440398377025726 2.284925891685967 0.5792290308459004  
1.3593723493637275 0.8455616497600741 1.528608020866436 0.031712907002907784 1.135208110484276  
0.193396099630912 0.12271482326896392 0.2597142010541551 0.37454945731146044 0.504798791996986  
0.3960708302553336 0.4655049880830335 0.6622102979787473 1.4718333339001561 0.0819083067373583  
0.37850110950951316 1.3324591942167479 2.2065175344123413 0.8569287022675603 0.5095052927178765  
0.3638707895626326 1.8117758681802458 0.5701211838145598 0.629245610496655 0.35396638415135717  
0.3574519769566161 1.3323568883544148 0.6216242185267903 0.1388949681581925 0.44440702453758874  
0.8189844922441248 2.0394799305093834 0.34063361397457154 2.7969303402114853 0.4430119261309143  
0.625549535378669 0.0826009451096545 1.6867802749603387 1.9638946375342268 0.0814561538991004  
0.9171584585778542 0.055688531881599536 1.3033971149224959 0.821433601947605 1.8478714952442847  
0.9034844534522526 0.06829905008434388 0.6479669260794697 0.934844218787154 0.2519429098316996  
1.7398680870681147 1.0932295189516201 2.190377434211165 0.02765152519941404 0.9330846010064494  
0.5131998024990096 0.025579269970099072 0.07513268817557157 0.1361453566284537 2.049922784372572  
0.017927869985929105 0.017892491265339632 3.156746489315416 0.6470286994456828 1.4382595414318882  
0.8120444676729924 0.1750695493095833 0.8579036611203422 0.04996840580523474 0.49617941264431265  
0.20476727175757753 0.150616771830923 0.8265581794301982 0.4868564722306263 1.6801678164779184  
0.6938422982810046 0.8108178790179569 0.18672280355113283 0.8962666297868879 2.6487203095444163  
0.5658377964448609 0.862284704592462 0.4037274878286773 0.1940772891699776 2.9136357472352765  
0.8437403924167405 0.7838032279710772 0.013582978026729888 1.391292032882803 0.15784876205702414  
0.1528780093395254 0.14689164093547438 0.14979335130030094 0.7705372462912506 1.1604273798036127  
1.5246282575193608 1.009313797375764 0.0921604838545481 0.35478392288075206 0.13138619583807745  
0.8829940908998228 0.5188390226527089 0.35350655566021794 2.9480330947535642 0.9110590222537911  
1.514978346715201 2.5988041763122514 0.225027030715835 0.17043533249401668 0.12069112726342476  
0.9187065863704519 1.8533462657816235 0.28581767244535106 0.8363626346596466 0.5153496315971106  
2.229126051861333 0.8761619606787606 1.0014844610380016 1.3482618501718808 0.10671276339212157  
2.1976225464099253 0.06410694843101589 0.06478259151947494 0.20409061369536247 0.4508394599207714  
0.6232249565517938 2.745954603608095 0.44902813734153846 1.4611050917914439 0.18347506651320153  
0.688980415761517 0.5598734155530999 0.9432020066909537 1.7653629329579332 1.6447825939495349  
0.6285920454467934 1.1633033378815467 0.3329031039835473 1.9759748828398 0.25662684662697444  
0.206643515257125 0.023647516148264762 1.1014572004473218 0.20736675142620015 1.8265788128918652  
1.6350635492067866 0.6270009156346831 2.432471152781849 0.14759666061968915 0.07293075896091672  
0.4102761419314954 3.1126097953754486 0.44187407516852856 0.4774699760398207 0.016690410893972697  
1.7609580978020656 1.3258570211806486 1.1133590654424823 1.3818500978441335 0.634055445188462  
0.2407185025708773 0.1920053480255678 0.5936811379634689 0.8896681628487019 1.5280831448581391  
0.06161293057488419 0.4036449129250743 0.4087354552584546 0.6621570770188593 0.03271240474945189  
0.7852444335033701 0.22123216313595875 0.10327002912330302 3.8196693369276233 0.495292525375009  
0.2946266359057974 0.569253705147423 0.7028370715207053 0.40774585867941465 0.003330229942846789  
0.3547780199302989 0.039019677099995265 1.4992444001199394 0.6317332757672812 1.2027633238687034  
0.9154210575909751 0.7881672740459919 0.44704348639360836 0.7046769393745596 2.7891978191211524  
2.704023197120109 0.1925099756007146 1.073384138906222 0.4212997921917083 1.6406883189374672  
1.942708040668628 0.2395780110415234 0.1988036258135855 0.930980517882242 0.05584190970862316  
0.0021539456007567985 3.2648604687323393 0.1996551625860511 0.7053995172985407 0.05566435989359918  
0.5514333069902756 2.2068265298545136 0.619330769343511 0.2555153932502605 0.8387595959553116  
0.007449401148361036 0.2753971326442549 0.3169610778678596 0.9303389192539833 1.0781828765750572  
1.3256215939680522 0.8774512265452161 0.03819858283749717 1.7231596402679266 1.3608989071391735  
0.3288953903630989 0.19240599280819662 1.7632022120054867 2.4604584483144287 0.7672714723808889  
1.1900555264326023 1.9177962693682182 0.7559756448733742 0.35788008910892877 1.2600568469618003  
0.4772218083372885 1.0323980351633462 0.31117927531671025 1.3803102970677397 0.1778335802756673  
0.6636491343236933 0.6718741479323518 0.594189583796999 0.5580837368887185 0.15419367133769404  
0.6244019840322752 1.3946883194438964 1.9733306337791887 0.8828822633772422 0.08879605203704365  
0.034742374740815325 0.3206470186257906 0.1469420785103376 0.828096993602564 0.17315119847600918  
0.2772763434113298 0.030812689116138617 0.41951347457389054 1.4070633686666634 0.19978656849493037  
1.0674224007643094 0.007684698288433795 0.17735591071286955 0.4039943255638234 0.9940372452152395  
2.382151905754228 0.1435475448633276 0.4861377842489708 0.004267688997170645 1.4994597945105437  
0.22148573936916632 0.10387196678229359 0.7302237643070438 1.2857786310648869 0.395067412128636  
0.3608355071799059 3.1057366968226328 1.6873335881230966 0.9529775085404367 0.7054046244415152  
1.4778575938416676 0.975894395695358 2.2435487595157353 0.7174076590150162 0.12678160805990177  
0.29997380455478156 1.1612736546219984 1.1647464435141424 1.241629737419318 0.6022755123802184  
0.5454436194946644 0.46094494386915413 1.4945789702184702 0.8434006484660365 1.3969512663202486  
0.5678163160269916 0.06666424069001108 0.033406154277679914 0.9756555682214165 0.04417949380133217  
0.25474349684847736 0.5302303355198847 1.3660702020831021 2.1278432724228704 1.1434020887466279  
1.2965186130547601 0.5164352139622409 0.0017616040883676825 0.6439626416357288 0.15579642995366752  
0.3521183340791859 0.8028067272277398 1.3101489374915456 1.2766385268817926 0.5509578602412968  
1.4407782841140742 0.9222223731644248 0.2384989628633772 0.18186017690870004 0.028840610525149215  
0.5350667817500381 0.14152086078208787 0.5245863232764891 0.023762347843601154 0.1947609765308699  
2.5847872843801256 3.898611356120592 0.3820423274200658 0.003926403398484663 0.2042672947594696  
1.7068240087604345 2.687761476483494 0.28619461842698135 0.07175989562729465 0.7064926860355946  
0.9001567968924588 2.8599205324764756 0.18497442032709357 0.31564148156114996 1.0523528868510352  
0.2560525362580032 0.6483079892352382 3.855455792131554 0.43934631004127045 0.22660367758557365  
0.541278898395819 0.14345662176233384 1.1244196880071877 1.4304563863418673 2.278787643142815  
0.5969477541109443 0.24221850459610103 0.21658651485939504 2.3262531005371625 1.1227550068273648  
1.8009232231751893 0.6411203039314483 0.5337556377660212 0.4358413703017526 1.1577733486229698  
1.3384163212298377 0.0819667202207674 2.297897084702998 1.2253612256612336 1.9044656977141827  
0.16846814354351236 0.9205296232390698 0.8147376404272885 2.9264731129116233 2.877478899575966  
2.316380396973334 1.9752242025671003 0.11887898830967619 1.500625967393375 0.15426316896183226  
0.33725961668205745 4.384028438999682 1.1069330509028976 1.533639740943742 1.0689061118620145  
1.3055462778575624 9.33648813355483 1.6683796771214379 0.44258892269772715 0.45955202866226985  
0.07486781332614911 0.32163382555745695 0.2875256608420239 0.6596990260372813 0.682170443672046  
1.742361412280822 0.8561083508760965 2.7000882262587504 0.8541510262246608 0.5392814452981567  
1.100798816483814 2.3566244073019114 0.0893469258117245 0.14692337271159644 2.6575775060458224  
0.5426416135977974 0.09104866260287767 0.3210705963205458 0.8757263343231375 1.9030879705446113  
0.6411090423227068 0.06379796242128351 0.553433625756488 0.4217523779201806 0.9504881987860295  
0.1490091966394791 1.7468655593940006 1.7619647764974953 0.6138582901772571 0.1307560357005044  
0.2732969951342407 1.162280644942333 2.431563935490327 0.2076079431602863 0.10612412399967536  
1.108508228401429 0.889746933664502 0.195410620312987 0.22903151899310875 0.7748119930414683  
1.0156811109327253 0.8272055128970567 1.9774283043133631 0.8262808041816343 2.2617229296130756  
0.9528141987861194 0.07428127498849044 0.9900030654890358 0.517104461595318 0.01631298448424471  
0.2712667966556818 0.9692860433730746 0.2674539747931865 0.35023610081765016 2.640636164021576  
0.9059939504877926 0.36934827898682204 0.4517713905727215 2.9893075052448155 0.10553922340084057  
1.051817255673822 1.6282394716343163 0.9046483886191848 0.4563818023698279 0.029513354723228462  
0.9700652951088548 1.2175457510633994 0.7142107546469012 1.2793563927454075 1.4491266075052032  
1.0198616329973016 1.95922430233264 0.7093243437463668 1.0524124566386142 2.0177659764525293  
1.6062590979918892 1.371337186737438 0.1301279700246344 0.13142729358588498 1.9633303264246373  
0.5236263475678387 1.5553106859028172 1.285653822565398 1.362018485153455 0.09248836350375264  
1.9057669939553565 0.7543909083684646 0.1944924595764223 0.9933084526177073 0.08931503010469957  
0.3630079790926901 0.13234028702534664 0.892515436441583 1.3597549058417446 2.0698324430330333  
0.41050104066224047 0.10101284101315408 0.25163872471161497 0.5844258292722098 0.220616807121817  
1.1578633604063568 1.7136736521297247 0.49186307390855094 0.004998742994533794 0.4779806087822293  
0.11743525457098013 0.9460381686862865 3.3073058942613702 0.6544789758263064 0.7539019605116887  
0.22374740484372876 1.8958984475230025 0.8133074718104549 0.18801096868804562 2.2506029381795414  
0.034529089519929036 0.33521840269499564 0.21273931179250527 0.918469414674855 0.4503763486318969  
1.4746802466728388 3.6986496947223877 0.14704790719597355 0.283496217784359 0.6232704127285885  
1.126668177661693 0.27195961675149394 0.15525750114609352 0.3781113873826281 0.18207689318215908  
1.9358807539918998 0.09553543295795947 0.3389496436018236 0.40888870622039497 0.006561207168708824  
0.6418252818533821 1.1355533716821862 2.649500694619754 0.0446045129208695 0.06740552966078614  
0.17202033177103052 1.654868208501009 0.6412625717167465 0.3082547814248623 1.1655612213673046  
1.327667174274089 1.2166672332525825 0.5325376138008967 0.3022221548489891 0.9173223278692163  
0.18156587074741018 0.41470875049973394 1.1556342062429044 2.234371881411777 0.21784002292779892  
0.9217971821595248 0.4179459888193037 1.7246872826333837 0.4167875266824332 0.6298635422907982  
1.2249838707900136 0.7383449679584575 0.6197418110177162 1.0187431933411517 1.0040095013956565  
0.6841982398173879 0.05152967813367972 1.88785361485253 1.1233954669447779 1.2531444292233558  
0.04095268520569963 0.6044403596763724 0.6199601788697254 0.053352666453489454 0.11762226408971346  
2.0650467637560768 1.4800751867675708 0.21855213273193555 0.1145621741391893 2.102101308509893  
1.2654246327230496 1.12183951878203 2.247719596514366 2.06984401659314 0.6294555406351378  
0.2940395852856995 2.7366013792331416 0.7049586454675392 0.026375195366547963 0.7777232267708419  
0.9986511047166468 1.0409426481890742 0.8096284482130519 0.4492126859530603 1.535370472137801  
0.08864185804397769 1.7903245686253113 0.24786173391089372 0.5051019722742136 0.180705747232764  
0.7734812394451834 0.7196601045613796 1.8043181865527904 1.0154973747046432 0.5729200044217873  
0.09029417575283288 0.293609792095204 0.3638105488724944 1.3444735776122623 2.855523290917815  
0.2798618843493962 1.179511666419182 1.0478345748252327 1.0261342951029915 2.7089201575651534  
0.22925195500137469 1.1881558415810045 2.0634334289103626 1.2118881167233566 0.49031870765049773  
1.95693849828186 3.153905358163743 4.853672971222443 0.5342892586812749 0.27931472992284456  
1.0931941215160759 2.8000983165629987 0.22193918159382883 0.15895499368251603 1.083728721548304  
1.5457722901045226 0.24009768353020375 1.4001419660811114 1.17218960925658 1.19131327435385  
0.4815741488667961 0.033344315700216884 0.20209745395388848 0.2541422580556099 0.3027891246196679  
0.6183903576543524 0.9801119228314131 0.38993927997931466 1.3508656936347323 0.9194483439181259  
0.556858936344133 0.40601500192232215 0.7457991843654037 0.31176703646309745 0.9123256935517745  
1.7096390132960104 0.6639739748581827 0.0464734459243658 1.8197637202924808 2.6241223602822377  
0.0028444603293222345 1.1262149340841734 0.29887690421296226 1.047533064384643 1.1152686344972094  
0.3002870065813656 2.672154558222172 0.10282062412483643 0.15432367644694228 0.5748195940909062  
0.8965030612029414 0.6706083369070392 0.7919692685691169 0.2614464724808477 0.5699864891665348  
0.9243663974715959 1.018386416444638 0.21402205581636372 0.49995220726851974 0.19731307203946818  
0.043232398873629424 0.12848623952201205 0.333442383779839 0.31115735793152605 0.10168884087411795  
0.05003115547785615 0.1017672767252902 3.650144753374516 4.906042459855389 0.6715483616927195  
0.07360854095452654 0.28235573188977325 0.5007399043159867 2.1804696016821197 0.2785301996630738  
0.5186370846630822 0.9223108703874865 1.561721099511414 0.8835037695436201 1.2136163193321234  
1.839943061995085 1.100373451359397 0.44627249305107825 0.46067793211511865 0.5554173259814961  
0.26494765981640905 0.19128801394943806 0.14667538503365343 0.7528133605705177 0.012610386483998355  
1.1782000245246333 0.016669302154993897 2.0968480297996397 1.770901732554342 0.027924973538954637  
1.2717555135944159 0.17590360119168236 3.8178595727561753 0.10732631971333595 0.0032195690654595183  
2.2117146454938954 1.391865477084542 0.8835695602181662 0.4151537035056689 0.33083369759979064  
0.0959557515930123 0.6096075249791973 1.3727597597712173 3.1977155424054153 2.440754547013834  
0.019831153655048454 3.5686436840574034 1.88657888522476 0.39612939391571417 1.005041710674838  
0.904893844272593 1.2675556967669248 0.7068706170830465 2.4150083421188073 4.5130690793238415  
0.1608950273408065 3.335783389963114 0.4253045651536494 1.1479253087279424 3.0945400608855493  
0.6377683665809785 0.34476437328927656 0.2714075541293398 0.7892110314220583 0.27347412096793877  
0.49990010060021556 0.24961638033352943 0.501900975580165 2.156608192477506 3.0190552901767087  
1.3158858068544816 0.15046923868043044 1.0105455328802155 1.764580378701763 0.4048170864502829  
0.24215117262040675 0.9548653542682488 0.4379796707808626 0.05217671610021728 0.07941624927055174  
0.4846558677634986 1.2919386107586561 1.9142346497926606 3.275203550984164 3.1210409101153327  
0.9686623833160214 1.1158486922713564 0.5282966996823398 3.056029269888462 0.2113400652430289  
0.9313955017733723 0.5963672026103857 0.2755987353089363 0.5810684891567028 4.696588742724956  
0.19985527575768727 0.8828933920231793 1.472801852672521 3.8514967572899885 2.838952383426251  
0.8874925176122356 1.5362603696599328 0.453215805572947 0.7849508170787135 0.7492578471240728  
1.897343806977455 0.7175291562785209 0.17406401321530998 0.02270102290283762 0.30912872263927044  
2.9388186689858418 0.6018209906293 1.3462712867317506 0.22391323017607204 0.42984543200100506  
0.5799785073145269 0.4933087535875302 0.7570894736498496 1.8834438948460008 1.3701810416027969  
0.9555486416319827 2.039137028185903 1.5656381156626429 0.517746338854755 0.0370699095485074  
1.0205515498471898 0.4936894586737685 0.17328658155925725 1.0827351605127244 1.2384973616740207  
1.2198229175844035 0.9349619168553472 1.2795135954909294 0.2665797043142227 0.5069765481795752  
1.887387040933004 1.224363970444995 3.1058254562624565 0.6233360709392239 0.10872288968547343  
0.8913955968463213 1.2785719778600095 3.4255949234199745 1.0440830009776492 2.9748352640665603  
0.22119658659529648 0.713431793651481 1.0025599122539512 0.15810410510128556 0.7116950855164244  
0.12508396954009185 1.5584306610759326 0.917979591974621 1.7326332354412484 1.6477110345391757  
0.41319619607632324 0.6094391384352574 1.033492612558423 0.3196039870863581 0.6955759480281993  
0.9589215074917498 2.996911272561616 0.043046863419827705 0.7192493706337113 0.17141386162786446  
0.06080028384598656 0.7540049211373882 0.6905911905337164 0.36085301798600794 0.2010693209180771  
2.5364429868914273 0.28327549282350756 1.0918417285209936 2.49243186572734 3.204117204689706  
1.216887537481244 0.4313741636291791 0.188548484596066 2.0540214294222734 0.7127425148619075  
0.374008281168715 1.693511540276288 0.6072509850015831 1.4207717667123674 4.2895203212843285  
0.3970790525122852 2.605712119545076 2.4245434007608893 1.1471033112465723 0.31842829145829504  
1.1798878726636302 2.0212245471964296 2.4702024359168058 1.7754025792390278 0.7668801697974269  
0.12963639795986928 0.018175684465399595 0.7867568049644831 2.984521754406262 0.2452994150500471  
0.19210141627417424 0.3864663340443074 0.18028289099830508 0.7447606542857903 0.18333215636166197  
0.05271046388952326 0.4748746516775721 0.5697485031955719 0.7401242976028645 0.09778941288520797  
2.212791834984565 0.03835933795615144 1.7377555456736173 1.046721588172965 0.7503492917068929  
1.0249067965160463 0.046443274993926316 0.6836320053535944 0.35967410427576973 0.0707226356766393  
1.783690259258321 1.7269985405798858 0.7675522933901057 0.1895607956197799 2.6319480007345457  
0.9418774134471833 3.5047826633903254 0.1387162910877221 0.23242553507810362 0.9888129188984852  
1.0605450408913752 1.6160651991734072 1.582436308984335 1.1942964725097087 2.687946707755239  
0.573762323866146 3.1550359734465383 1.3928739479100445 0.140257397550203 1.619429110861005  
2.5260161799941927 0.19117226975416732 2.7192556340697442 0.9513997054278618 0.8101064268262403  
1.274265366843333 1.1897379519530773 1.1155669749494679 0.9507395038453497 0.21738242814325362  
1.4811949501356279 0.6193706798047841 1.1208719050329157 0.2556208318821287 1.3166977847977612  
0.025439512230693625 0.001052858368145089 1.617854029596554 0.29261757320834636 1.5214868379188031  
0.6598677701082476 0.0075546933412485445 1.377182360549246 0.19155160195622964 1.0487252675793  
0.430248412117403 0.7590610960541665 0.10405390858679647 0.8699737130478209 1.1978925289614053  
0.15605873284005048 0.5809101765999739 1.9566942818174742 0.16543651871005532 0.007910578257015199  
1.9384377134122082 0.17158177976858385 3.8142624609229916 2.479097604659737 0.12213057347890295  
0.1589777788750729 1.5634382078863696 4.3950681291188065 0.36672679578733963 2.8998671472216855  
1.6396157824433986 0.28203442863376393 2.8627477747605536 1.0075854577815972 1.0980375590994185  
0.1473909579438837 0.9325699474453005 0.3705577656629719 0.5878371198433743 0.9767000494935469  
0.5843477512451349 1.4618670797423832 0.7160470619482547 0.8482770426494034 0.5922561085219471  
1.3681455752556364 6.133413890714591 0.20456355790406713 1.9542212727503774 2.56813490368646  
0.033655980680871216 0.20106545667584183 2.9682577928141325 3.3934240356436103 0.5095666822036995  
0.26369114744871364 0.39235946079383466 0.44126449097591 1.5377262037414863 2.7221940351288407  
0.447568738623255 0.4358428367841208 0.5029665031414339 0.5092014172503353 0.04563138653845146  
0.9999891752991104 1.3297629886220164 0.6534543624404592 0.31187963676048713 1.1746418416891458  
0.05223499597262212 0.1957998570621408 1.9523733215040027 0.9344135654614549 2.2775667285266934  
0.4960510431100285 0.7845386032815995 0.33695618166181107 0.7497656105481403 0.9009857719901443  
2.5457368430118894 1.311445750879743 8.670281325632304 0.04257690617050925 0.17548749325315066  
0.04790675231530271 2.6947701818865393 0.48794142756040304 1.5438471342171571 2.1960467184814965  
0.16966798469364544 0.4552906863292425 1.825374632473078 0.4009126310602983 0.9838742505485186  
0.46580103991614225 4.08478990915949 0.2305250386665961 0.4971628236502026 0.31121831353713325  
2.894693530418541 0.020767478189356856 0.7262266662085549 0.004047521911097469 0.06854841652963284  
1.8293923307502644 1.149116388980756 2.7186933893244776 0.005224665051214954 0.1870371799683704  
0.3869154086358065 1.4056336327586723 0.9430533727178511 1.354945581982494 0.585508850332793  
1.6509326906260766 1.6424527515896932 0.23770227552098463 2.6363447384109997 2.099228873162099  
1.6373244171216217 0.37324930997987993 0.12546037317225195 0.3845370446386265 1.9016057511795372  
0.2587178558656491 1.4144455568392347 0.6362935619750808 1.5037088506379421 0.762764414387044  
1.2020594790460248 0.10682404058635529 0.35226142123679577 1.092919782511715 1.9945689548170908  
1.3378466545602294 0.12042235308768656 0.036992102614550264 2.264143204855868 0.28547317750021334  
0.20128191975160817 0.2703990113746552 0.9049649392653469 0.8138213700543052 2.2728935294200268  
2.7479898037574717 0.7462795624732705 0.10690778263912444 1.8910130956007576 0.03311022257533179  
1.309705087351495 0.3607113180755432 0.2917468985454074 0.7027176649203222 0.31619956204592037  
1.40800420635813 0.20365919865386642 2.182258290360389 1.9152629475477256 0.7351125955869416  
1.4080764676933615 0.2445364440996396 0.9204415575975453 1.5151629035421292 0.2050082794224671  
0.9228763673367254 0.8312273723438144 2.12089761085411 0.2889548417122721 0.64189941854229  
1.1616369443293477 3.223717377745835 0.9199281828457263 1.2393890810797366 2.944561208698066  
1.5848801960442926 1.3332774285620064 1.2841107242239551 0.2866156115018018 0.3534661992346368  
0.17544637452419268 0.3464560195162388 0.5236345527946814 0.08704887966228095 2.116604844899054  
0.9526377874820716 0.028310015563688076 2.2788790086074697 1.180257554192323 0.9288807483819549  
0.26645170981954874 1.5538304526950928 1.2621332718447964 1.8592177886395245 0.4074846976948694  
1.2570784086241105 0.19564540450650814 1.131857788795315 0.10642548579405227 0.7109423900124476  
0.3661114752097194 1.4035042128642725 0.3208696047893555 1.0725490735344487 0.2723692477311661  
0.23922689564283434 1.6955647970056371 0.06314159060861113 1.6981237973024463 0.5783215803986261  
1.2926619977814904 0.041861642721376505 1.0831343378132554 3.3932751950757956 0.13221277099723808  
0.41370882279561116 0.2062549911734329 3.8192775511243675 2.3118042101907066 0.02293884088839071  
0.3224163836399445 0.17052598803280505 0.5367341284367534 0.26893996875281645 3.429708912113338  
0.5502009123625637 0.13999041396815 2.3815487041706516 0.3775750205712374 4.814097820622921  
0.4572810115338748 0.19743415816754686 0.41744193077846503 0.23039103325537313 1.1359917305092406  
0.12543616100867683 4.089521784454923 0.6050953330002119 0.005235909484491161 1.52381460322213  
0.5931727271042533 0.3885566817027193 0.06738572803082549 1.528662424061053 0.18053830488143616  
0.9924507383150553 1.2721122412312051 1.3183620264329898 0.2635350958287211 1.1023681444429585  
0.6551582513870571 2.8494116254774013 1.197868428606837 0.291485154552201 0.406525753505475  
0.356807610918727 0.44014788371034547 3.1821177059361534 0.15327507011880398 4.008006237070528  
1.9124632926743417 1.1736349365811938 1.8549959800305809 0.7155897586064308 0.21172805737444247  
0.7593787302239567 1.1363564235056212 2.1155672546109683 4.655396568451861 0.19982087902230605  
0.13654331354512406 0.43870109517305206 1.81101992100543 0.46215663722490197 4.097397016366976  
0.7370087073336449 0.14248107250579703 0.05419851946868091 0.18766093517650506 1.8743769833994404  
0.8154457858568477 1.6012493332354838 0.8111880558413841 0.34650087654967254 1.3501161474226653  
0.1604662020845116 0.3206506228878847 0.8551710404017918 0.4063655976589741 0.8698925640087991  
0.5946890899573705 0.9374869428673986 0.5558626709519024 1.3525073951850206 0.7825027978450443  
0.2513343984969023 1.5185380040465013 3.7914356208867326 0.265124041970275 1.502905234772545  
0.3002656582630937 1.457551110031685 1.5334904434370802 0.515799309235947 0.3341587603688823  
0.13104743782593412 2.6459913142451192 0.5377094163988412 0.6652729105073406 1.0385380789854743  
0.25647971078744297 0.1471098655329374 0.7746255066863812 0.682353001170306 0.45106905015184356  
0.29363309667288695 0.0006485391562657735 2.4986545083771863 6.830473779319367 2.617049784664091  
0.9178273720191733 0.9856096790303819 0.050008279643113045 1.9561947132635096 0.24855496740501168  
2.207975371318565 0.43582535460517846 1.8085707276707244 0.6350714058991483 1.6678778538733496  
1.965194741039231 2.8556940954889285 0.5111803768236216 0.11939259159058073 0.9132960377973529  
0.18925084670324616 0.2639904696316787 0.3610362686138798 0.676164376655405 0.6679480358414871  
0.14566208850396417 1.2030735856517987 0.4458022458152104 0.5812886113146934 0.01551588198665526  
0.050978262027605414 0.9855297806295163 1.4834282388813202 0.12252063088495298 2.579320796954204  
1.078063650651076 2.4231658044957993 0.6380944130611012 1.4593210860675045 1.275749594396222  
1.7462030815727663 4.222490511679436 4.757234308960392 0.24912915106577505 0.005585687964113676  
0.577780375442371 1.0415958858366432 0.570417327939635 4.638410747933542 0.6758371295633144  
2.484537230498119 0.012548216085995484 1.471019254458814 0.9621982408026309 0.5971858759132893  
0.7199812377901669 0.8291000804001079 1.6047935764948977 1.1617327756566942 0.5587337165174234  
1.2919203354281457 1.452614902399771 0.266404751121787 0.11169503433194028 0.3570096567270191  
0.47671434270214985 0.2816946592632742 0.1877179882610813 1.2624126279147059 0.1822796566197688  
1.726354758153897 0.5163346080166341 0.08431762043966608 0.06032457137106967 0.7577042046634764  
0.4434254109341975 0.20437036387988425 1.6486650328287957 2.2630202398651083 0.48816480325729183  
1.7718757869916462 1.9419157110840612 0.8576339900077156 1.0789526735100652 2.623956016280657  
1.1164297772537224 0.4157413184500431 0.05775629525380078 0.235485652677328 2.5680231945012886  
0.10106347544758598 1.922786833968663 0.6316493724662511 1.2790260100660826 4.7068072855483285  
1.8212036191874743 0.9260963914413123 0.5793022768327176 1.8831271589616236 0.9696128970787805  
0.16390866189103745 0.6017632393888896 0.020502822950339426 0.5481933004320826 0.4488589191801725  
2.007295776721855 1.1735207299877155 5.289488684207236 0.43155449089863046 0.09980627680674445  
2.980775154459944 0.7397328144747496 0.5563417332636752 0.8052353835120465 0.07403611618373465  
0.1766707139717414 0.16646500318917293 0.05529451297376737 0.9615059338961357 0.08885654345157953  
0.13935260347696243 0.33263948636925317 1.62725342934759 0.8360783257727332 0.2225108546075063  
0.17210194720007327 0.7169786574009379 1.1213488976011643 0.09664047377130149 0.8819243744431092  
1.8280551136512386 0.7098129470110108 0.5095931654611388 4.83976802706743 0.11077130493827395  
1.2121999991229555 0.4293364890134154 0.8327712976796317 2.201827543502633 0.1375898174384399  
0.7537302530260529 0.6801885613374833 0.6534388396736528 0.19272151905533733 0.21649232602630641  
0.36848867387041645 0.6046212206623826 2.8369849198075388 0.2022116319719714 0.49722047533075064  
0.18820096743992576 0.9204930729299879 0.1635171775404703 0.1214579883009722 1.5774763981829034  
0.031070481606734052 1.1745716406883582 0.1244988833089946 0.20352171311791312 4.07616783183457  
0.42319870422022554 0.43048007690567297 0.7780458602328278 0.2313607592408969 2.208817073231868  
0.053795637393936835 0.8703303500197372 1.3679885060666372 2.716909784403763 0.4209499137016645  
0.3298042968164941 0.18044363810615924 0.7126540935084366 4.921011320190784 0.17153515621384655  
1.0401905565200558 0.4490372185162631 1.6295653601883593 0.9321141950299061 0.41354163974251024  
0.623123489522183 0.4264316341883051 0.11273937936888713 0.5252865253938442 8.207714286978305  
0.11198701283876966 0.007566367645879566 1.7881513266537283 0.0691562619935684 0.07568571154126379  
1.098634454951775 0.8515171702299181 0.13813016980913048 1.4987025297624135 1.1306744705017808  
1.9487478208265694 0.7644861867228135 0.6586188301298981 1.6508445480436778 2.2170418977305903  
0.10276569070699554 1.2772827027887543 3.358154960129037 3.152304382107346 0.7421129948613958  
1.4647178709733655 0.24922110930356955 1.3420701512609532 2.839527424569721 3.2394980004826532  
0.31464242510521884 0.1997293610375112 1.4994235569283874 0.3834472422784389 1.242717837506714  
0.9957444477307936 1.3948129942668677 0.044902506578262044 1.8679612135225465 0.9440958391381004  
1.4561558212151129 0.233701721288495 2.0998136788189052 0.7053978583529037 1.7199380150527546  
0.45615257474583926 1.3236107751350836 3.7293503874435405 1.10618026420154 0.3590764815298654  
0.538621519985422 0.5347850137144823 1.9550624200259024 0.3857576376238195 0.6591568972137285  
1.123441206427264 0.46068033576934303 3.2536058585192134 1.1178888668869453 0.6016103075382874  
0.6809774029333094 0.20102603565240934 0.2188424683457268 1.2078407942014449 0.23567351969564737  
0.39170319442217866 0.10675985140463294 0.5699340734753491 0.8994808148317422 3.77367059740242  
1.3361954703460555 0.5277299205629665 2.4277894856819358 0.4465644128845578 0.15182447975778304  
0.7269753596844027 0.02720634735167121 1.2197771368154198 2.5321474592625655 1.5999069653601514  
0.24734046386748096 1.9573024811669713 1.7762947600263483 1.9646848928128349 0.568151249022009  
2.26441896719945 2.805599421995546 0.21130179567281482 0.2026735155326405 0.48799500344379115  
0.2792597517630143 0.36904829242404896 0.13242157575571567 0.211313401138832 0.7223093685807225  
4.4144130874252365 1.655991255478599 1.8453546714903133 0.6102578566365799 0.8518818086864223  
0.1429412465719198 0.001411922896795442 0.7171725967886725 0.29381012257579375 0.20316600885104252  
0.10088774703213182 0.4136129365143999 0.14827617864305898 1.722673863231308 3.221694422586287  
0.05419755795567225 1.6627752445021227 2.0764177479062456 1.4445312245779378 0.03916204774177726  
0.06932475104839177 0.3346463113082633 0.6695613712927613 1.290365144494519 0.9419812753147135  
1.8816721209616507 0.16542553447715516 1.061186736350246 0.361328053367886 0.2605981090018462  
0.22263536936768674 1.8461571580468394 0.7787575918572354 0.16361302208208706 0.10942010578303993  
0.5438388782348704 0.7145046552031353 1.1018997518615004 0.01425159387230539 0.6491903774066461  
0.27778504851813 0.6677765374971686 0.18095923236957234 0.49900146491619496 0.7868459343373307  
0.3559471690578624 3.1584764485587584 0.08610667734493188 0.34873019469847244 0.04729163634975172  
2.2138612073668678 1.4649640707103848 2.6847911265633857 0.7038281737963474 1.0186836704833406  
3.1529746717215126 0.427113962856099 1.1163456636921583 0.40725265238322117 0.2895794852982072  
0.8158773296160382 1.5600527838495624 0.2850060053829838 0.9031835336113039 0.772347416766116  
1.3300921930358054 0.7374426753577873 0.535163239982807 1.1930784187986199 0.6289977970814525  
0.5390583093457528 0.4974707104147221 1.1315813204483234 0.15190346006263827 2.5036743651241786  
1.3501191209224244 0.17004943901565872 0.8975844407414885 2.4216870461354234 1.691796266759595  
0.15265294117079659 0.35344845271453446 0.36094116657243747 0.737697747814104 0.5439801661706678  
0.3286346618622587 1.8079406040203891 0.18133840666960288 0.6571494922374366 0.6249604315615062  
1.1772644994425991 0.3895734912412224 0.830628473548948 2.474156031488799 0.17062839100577454  
0.41698995169530884 0.25070369644671303 0.8860338751071487 2.385706136172758 0.04869836542687799  
0.37618025936660765 2.1094645263529905 0.023407300492136473 0.3491313808192142 1.560527302518257  
1.5421489444989351 0.6614564168667197 0.02999853640284651 0.4863972190237029 3.8528064137192177  
1.3905864432798294 2.1167202192615897 0.22373113788789983 0.5786131050546848 0.35492283518719003  
0.009142552772504305 0.6731204683931018 1.321814820158864 1.971410210905483 0.006967521136673907  
2.6550992360756815 0.4748805873154727 4.755650789033161 0.2150711190755968 1.7521072668593978  
2.632932301458698 0.12412178729003796 0.4480792003453021 3.0822686392282295 0.3516628722622794  
1.0469365959723094 0.12269640679372114 1.0625771665246595 0.13897668839699226 0.027569288460776054  
0.32848520832142025 0.6104646004762406 0.7995864823289559 0.28014224352076617 0.48681350077784324  
0.7882581243823701 0.046578819629886796 3.86454678632358 0.022223766180123717 0.7327348577530548  
0.24902890408903722 3.486770814372287 2.8758216033090336 0.8036178154857168 1.4869295223177825  
0.5087044509551267 0.3117016383220535 0.01447408236922698 0.425424876262064 1.6275276127890284  
0.35493366956812133 0.17000528694955522 0.022199132444327318 0.7787211496652464 1.2192412936593215  
1.1947144493387583 1.2140291581461413 0.17619647140484573 2.3756813312033866 0.08658676532250144  
2.4456055188704955 1.761117281942401 0.6457190489882517 0.6926454526817573 0.2255534919757206  
0.019973960103600526 0.5384371487137024 2.789100802528879 0.8819525741904278 0.08303410187298423  
0.8413316572321373 0.10838579131303923 0.2743885771515706 1.359094196441427 1.0099433101759974  
0.013492521381180105 1.6529153303467705 2.086210506532974 1.5126150941780847 0.3241126782505889  
0.36460354857221244 1.1508831391458079 0.27291385961717907 0.870912030137459 0.5905560046056483  
2.0427770489565455 0.31499467618691357 0.1597231624341004 0.9082943698040546 1.0825158418080272  
0.7753980754693454 4.557691402063567 0.46124531202419083 1.550253265503673 1.083856505355657  
1.210460255895345 1.9506787700529893 0.2752865522542474 0.4757628316629407 0.8677222393677968  
0.8822491090387113 1.750519440886332 0.4160451718074584 0.03725778281580734 0.3435504148050203  
0.6069084134567103 2.4820404043454265 1.1178588670140472 1.1872408745050955 0.41879989919410304  
0.26202036569721693 2.2956308467394355 1.8539019915327248 0.9006700997531849 0.16848517571286878  
0.4144085240332471 0.047497218840387184 1.1531762920547706 0.8384223572590703 3.036355341206275  
0.22297001125272087 0.13447943066237308 2.072244836529525 3.1640246272498733 0.23953126287589474  
2.1292351268643004 0.2882875953492392 0.7377205155177885 0.3800957402875426 0.6567831520848556  
0.23243071205836124 1.2859185912470243 0.34452831717168064 0.07667224563107441 2.755026345533826  
0.08161147601680742 0.6603149902873157 0.6943381336224247 0.4773537719795052 0.5852358773595616  
1.6862409317563762 0.6035656260824365 0.8626395655986773 0.5808208700230321 0.18358059295111392  
2.08621259839726 1.245405666452031 0.3881606679692318 0.6910983754521604 0.286995608194963  
1.1761414582045178 4.879125576623432 1.0978263358883413 1.4843092377332971 1.6065959486793497  
0.628693906900415 0.3523000048945499 0.6889193225909257 0.05838678204014235 4.664132705201871  
3.246879314891587 0.33498560926866355 0.3742516424367311 1.7836957635346378 0.1993550490285109  
0.10770852890601933 0.7344849473120678 1.9062876048161634 0.29492753696610796 0.057669484911642026  
1.4593332808570414 0.35079187284017693 0.8342910933016545 0.7083328697760877 0.525373867403411  
0.42993862041463216 1.1882954327776984 2.622812721608001 1.5433349373135288 1.0526390264995527  
1.0201520509300879 0.8966958488439286 0.08273076148836542 0.10769049009335235 0.1103877863136045  
1.222245681153954 1.0473535248931671 0.0571457230020722 2.9292415417404216 1.6527026062367125  
1.2268085631230181 0.8108992934547335 0.07619715010120065 2.083307714494779 0.7408560828481757  
1.4692180406245816 0.12078157465441862 0.08025383434858692 1.4724102183471186 1.576765514439883  
0.21853107543089187 0.06196858789188038 0.162075658351106 0.5375634333647845 0.04130970381491894  
0.9327550318803516 0.756539655150457 0.3603188243504419 0.6682824604042318 1.1916293607675879  
0.5803937504145034 0.13841864954360286 0.3019433817064353 0.45631672331503315 0.3768335689777066  
0.3816321401353303 1.1202743165970748 1.6367427910090926 0.4767146195782053 0.6160350731126045  
0.48141160791274873 0.18998805948663375 3.2107896288753985 0.03911526940681252 1.2905086882327188  
0.04763052280151833 1.6445422893009125 0.8308372625228753 2.1577197458836594 0.24434213053206966  
0.316791298944431 0.3209205773361259 0.2582289677094307 1.1543156039252598 3.4057941668263663  
0.7155176799776846 0.2841134361092974 2.7844553919477857 0.22402263904773556 0.4186746262763046  
0.8213268952903564 0.616749441627788 0.9425922471274911 0.4612245304604146 1.2677980703700837  
0.20593338322996213 0.6568195355163073 0.893554931979066 2.664094867386867 0.5664152175556992  
2.6942205387930667 0.7695379938007164 0.0301687461696614 0.8428189077669204 0.3650863746834111  
6.071924305550649 1.9932499921927211 0.7134569343809392 0.41848245147181073 0.0056347453986861085  
0.01816024882229115 0.0631352362059945 0.2637016211461195 0.6959182426561089 3.0469587573102372  
0.6175370085086099 2.2457702990261463 3.1010595901891986 0.3509162953975851 0.28910958735643155  
1.4095301326818637 1.7561054601902937 2.08888874297525 1.8940625564068971 0.21213547479652936  
0.0383931084823409 0.7676702924042095 0.7319339208587813 1.1407050960385519 1.8415079352264143  
1.4414440425144375 1.6013847499321963 0.16084706803334992 0.3586805558600278 0.5749157438957732  
1.542610522693549 0.2806907224919385 0.38657803292321186 2.4682196425976923 1.1023378807399937  
0.27339216378118464 0.10097651704650629 6.573985349073339 1.5238657498293995 4.071252109884776  
0.45625761659168423 1.4042803627062226 0.3460414840197862 2.966462849463309 0.19728528200352957  
0.516960360452585 0.649879839669209 1.706405713301837 2.7330861288951622 0.9575438808986712  
1.472637841219112 0.8038508491297934 1.7203060627048004 0.08820490307099955 2.211785779285355  
0.12087788454055336 0.6215201574927027 0.4228346283890918 0.12581892723312993 2.019295539746537  
0.7607253874716888 0.0058003507157994355 0.14088710706092084 0.1509442790541241 2.309843629006759  
0.7288778484868044 0.211391742829446 0.37811036500683515 1.1763024542240037 0.8084083768123312  
0.11932973590345924 0.8965675592328283 0.38253246496371096 1.2751081945800191 0.7367882239164326  
1.219692274155133 1.1961883990192488 0.8331106235154334 0.3225188278776097 0.1833601941909642  
1.3983703399621374 1.4322538104365639 0.12575173202980303 0.41716094835497347 0.8478089957560825  
0.6506345051823819 0.00241516599026047 1.676401140766812 0.7644487949589507 2.3238395096673368  
0.33908400286283835 0.35032815746576346 0.9049422263260977 2.8192251120411544 0.9236978588438332  
0.03845691481379657 0.4050288465729076 0.9446767195330558 0.12855506036385114 1.050860253074895  
0.00047495521608106905 0.28378724444157605 0.6038290736538477 0.25459879242540706 1.1276395479898573  
1.5870620467834042 0.1279885407706602 0.5224834096540079 0.12383825110741294 0.08524418203537401  
1.410261401356409 0.9279651374838884 3.6112498033741693 0.2702733571285683 0.685666076654076  
0.6640950579661881 1.8479117417151991 0.0034988154574094607 3.498186374149771 0.020346665167577462  
0.28996624223599893 0.37311825998380505 2.2758108349226744 1.530050101217418 1.1205430387250577  
0.2721298742886347 0.4530138287853089 1.9499211906016505 0.03382516097304459 2.3115405330600023  
0.4608708430812609 0.04532656554215885 0.3952453018174232 0.013101847261956828 0.11107362549310472  
3.2863528192858014 0.6816548159486088 0.18667309449104688 1.772987597768282 0.5282577084584061  
0.33591289844261907 1.4372911977722131 0.06415888683018701 0.3015908815720523 0.5938693221467561  
0.43257706027291715 4.514054704660496 0.40031019357866304 0.291478085992155 1.277015875698126  
1.542884197271819 0.0664300792559933 3.951705389971952 1.4520731069383288 1.1631006018045489  
0.47667391356186906 0.14270526348399426 0.01134408054750513 1.5742420093935274 0.26801429744184935  
2.4307423467281883 2.2805288580048058 0.23716996951019853 2.351269026599134 0.2865189813790736  
0.5527854643972647 1.9848198479358157 1.1497430440356011 0.21207999089687843 0.4446671211092183  
0.5638719688442685 0.8953395769599288 0.15794795606435452 1.1756816891636304 1.66386902194613  
2.446419842681091 1.417700644243455 0.37594368206534307 0.7483928465633162 0.5092409284676314  
2.746652102697548 0.36617057018034616 2.466355820253916 1.8274272971765142 1.0063806524053787  
0.47650608534729 0.2574940863783447 0.3434839336198698 0.34424809332136774 0.38326090412891645  
4.812240851028916 0.30223333030922567 0.23864100353850226 0.045996586693656555 0.5710899133918157  
0.03596439495718322 1.9470338475713347 1.9785780852541959 3.2549863966140626 0.2638433104401496  
0.13945933527884483 0.16824818900989555 1.9312056796060637 0.8902290118889389 0.263623686493696  
0.15627427350322692 1.1249583327302046 1.9116125371629897 1.7153050478452272 3.1146066933141023  
0.38307648188033877 1.0734055841927685 0.8657928487667534 0.5216850610986106 0.21673385853641616  
0.39246614634212357 1.4553090591746423 0.2585572745502316 0.31025349161297466 0.0929943546419193  
0.031554563914130467 0.04039240408464932 0.07961473551968228 0.8036236269524466 1.018195371167443  
0.11237928298617574 0.33949290120205183 0.7907132232430618 1.8540407408786053 0.1528197731184492  
1.0618323826365483 2.656623955575864 0.2912099571584944 1.5244715072956587 1.221663512119776  
1.5100229581435094 0.06648289292701778 0.8792207515058869 0.244770799019036 0.8530731425367848  
1.0820901387312956 2.274958240864559 0.6040282259119262 2.325343577702794 0.13790139170760735  
3.2467674443079284 0.9145320466622736 1.3125719272423058 1.8924638758604537 0.22428582789463952  
0.10010894094636873 2.600000997193368 1.973397525554179 0.7017817985791199 0.13495330141835823  
0.18931826040404956 0.07310451986395683 0.5112859818201106 0.6664289588513143 1.4640013972736874  
2.0587095710773875 0.18695387632091062 0.5976723773024083 1.1543813371145146 1.0320864364671216  
0.48655554450300814 0.13480414894539156 0.19641266388482465 0.7002629992257706 3.934243393776237  
0.2957879444647497 0.6257441807918324 0.24129425253819856 2.967530783227712 0.8539935336535198  
0.3375759221603858 0.10192873397347223 0.6568396987554682 1.5054403856052245 0.9910060202185951  
0.12510853386090093 1.0447678361568615 0.3227452007961414 1.742933675271444 1.248824352660219  
0.42160854530879116 0.06558334720406034 1.0242852094941128 0.07388076719611301 0.6845419783732927  
0.4906070996317559 3.0626294070821505 2.184715344504596 0.6763745084955878 0.5630929879170227  
0.026149374013926547 1.5486344784814552 0.15588900606922113 1.5967671727609785 4.122442461072042  
2.390258909604452 0.3586903266345071 0.337256946231518 1.0955810799331063 0.2644146733790407  
0.06825216633036667 0.19836115630524542 0.5631359112305306 0.41093277133762934 0.6451243045015942  
1.0150103264722394 8.993423126869597 1.1908221553738578 3.0940788906638543 0.2050357094808026  
2.2849993976851075 2.7369927041120654 0.4824168775262601 0.0035257081621115466 0.5262021912079881  
1.2685442971966914 5.886637603516555 0.9620224570831599 0.6783868627895855 0.6006693183566788  
0.4142605832960798 0.593416012991392 0.45391778667736044 2.8505713596335824 1.2365929489023209  
0.7441447071617032 0.13677642900250903 0.5266411820303301 2.062129597384243 2.7750010986849967  
1.0579664757691172 0.01957755886158014 1.8587085579579166 0.4913111514337557 1.5457315622657697  
0.9628960553555757 0.17371774610965626 0.718225537559181 2.0430293473971917 0.8023118820267542  
1.4719229494876196 1.3390028840021373 0.5545934813763518 1.1982081096609956 0.7371788875470928  
0.505895319109576 1.0141968686428344 0.12965416453729411 0.5442616502926495 1.6112634431582133  
1.7324511206290658 0.6065288487782305 0.5548441347898313 1.8962063015323678 1.3084949511536523  
1.7575101886828413 0.29312668941914644 0.8069354904133592 0.17492320359368696 1.5664420827560144  
0.40872682612587946 0.8430076523793381 1.2254763930581087 0.9232709605537424 3.553379445861239  
1.5595903561787237 1.3847652634824168 0.3353666642860322 2.51506291984261 0.06845736349012302  
1.1090963933591897 3.361608143122837 0.8629264840515622 2.81549454932946 1.1971095435809123  
1.1850801263186586 0.07437026399351616 0.6341270613646528 0.9638806052427996 1.263052599263674  
0.46583230649172114 0.05099431513738288 0.39466758393047535 0.02278068300412974 0.21853480871697734  
2.8465209992953686 2.2609993694150887 1.2513009852985417 0.2235251627804305 0.9696705570886052  
1.321686698236359 0.2192810359839124 0.5125205638423344 0.001253218534533575 0.8357018553082347  
0.2980521962634547 1.4980659922247532 0.2815512162837586 0.28127225432332853 0.9662045199394712  
0.9673192704729668 0.7638755450694091 0.38919744008540785 0.4076970777565073 4.729860709372029  
0.6851009013579191 1.009873865006248 2.712425485919553 0.7076778751642158 1.640069615572993  
2.1855435901977573 1.5960806693707894 1.0719740329027267 0.3245786446349556 1.0154628609851855  
0.5420736194521814 0.26823538317740164 1.4426249920696186 1.0827419228084807 0.09225014784916839  
0.22213621613197668 0.01337662754572574 1.8654100002248488 2.2057191479518155 0.07839597083809366  
3.7589080132268893 2.4399966209199713 0.043598152074764286 0.11880556348716391 0.02750010376861719  
0.6018008366411145 0.18877843476157552 0.9086031991415063 0.1810305958519704 0.03366984433332991  
0.2968276578099132 0.27335301647650234 1.718593149048493 0.30468775674947945 0.6105483856479378  
1.5983290573741995 0.571494559611825 1.8663944388025528 0.20793928620922428 0.26699297950666967  
2.4438586740363313 0.7742292517728123 0.7274384211276911 0.48805669726777856 0.3291913702751694  
0.7018557273582352 0.12805786992282542 1.8065460289980726 0.16781706434283858 0.10407999938040162  
0.3742837206376945 3.5793749168039177 0.5180227172720494 0.8228931929408138 1.3816597581845134  
0.04374124515989449 2.3927267296037606 0.6146072418899924 0.5672402568333091 0.6494847309225861  
0.9236949701299308 1.702710558519532 0.022818013752798703 1.1972768025234548 0.4617148309958027  
0.0032741332417333792 0.6578634588369191 0.5251197429394987 0.12153131122495739 1.1926315041056252  
0.46179450831733837 0.1462667679504641 0.9942178940041844 0.2882704054862192 2.125010014091115  
3.2796085681751057 0.7065255258756576 2.679324810562888 3.4410540587605674 0.1385550735612792  
0.8153063770151241 1.8149242682095768 2.8526682502260075 2.559226835058692 0.5577772140705247  
0.7587380934059086 0.39308279628393045 1.5799578917747974 0.3943740870334688 0.6321251551662718  
0.22671960780466016 2.6589683773126067 0.5209545654393054 1.3639428100678084 0.7525690205087535  
0.2444143999867163 0.6518974014244684 1.0023919213854935 1.622311230448916 2.0352265809510737  
0.19089895964639497 0.684630566553331 1.0331868873103771 1.1599066455058047 2.4798190031383465  
0.09375459480666955 1.2473910415236709 0.8062288114497337 1.1071950460174698 0.10157239736370044  
0.11030654318903234 2.147830714430432 3.2098121051664608 1.1830367189913333 0.016690652668993455  
1.051801383702013 2.0277518355762636 1.0913176636745967 0.4952060451957208 1.1921931025113646  
0.009654963723676756 1.56060403523673 0.8143709789911093 5.649921709381344 1.9350780422134335  
0.3354767126345321 0.29996788550901093 3.3656940380566702 0.4952552934603353 0.8217678076476158  
2.9770601840696918 2.6111757016383343 0.65320967728935 0.9549959587726594 1.6628345638563429  
0.25721515571140363 0.5139153388967892 1.2216447017350631 1.0217229717967367 0.3989616425478755  
0.1736617662837848 0.12296216840905404 0.15831135986917064 2.1739574497332463 0.5035008613961849  
0.8031100171413043 0.2448415337204949 1.5586948567921421 0.6198039675298657 0.13779527928657206  
1.9090039906593201 2.6569283648882864 0.5439450782678652 0.2516819009902566 2.554795815574108  
1.8687933540558053 1.5474265609993592 1.0209735507083144 0.2012425249533272 1.2466228592324664  
0.16996453873539075 0.7557622425614974 0.0967550154057274 0.036766135005165346 1.1021881846019106  
0.8499513870008611 5.580806065615967 0.27837793870841265 2.8829681123622506 0.4048011709587107  
0.12922092975568686 1.206763048011361 2.2628617546243106 0.00313463388955273 0.5951348523587914  
0.976036476228347 2.0019954478394064 0.834287099726907 0.9249229699369129 1.1672672564969822  
0.7455734881994736 2.1739075872178004 0.430910116837326 0.517643555860542 0.8534199865295559  
2.2840915344647392 0.34110248678243993 5.112693315633499 0.8062435580264741 0.04817568413374537  
1.7300357641234791 0.7020021334847838 1.300490785561314 0.4699355347638029 0.09686505721550977  
0.06558573070472656 1.6315336878129574 0.7667702373743547 1.7116331426069007 0.4368761448138509  
0.15155959820759032 0.604635368277122 2.3393529497107974 0.31013087513313636 0.195263382302634  
0.6006948481053922 0.24389852154108696 0.06594574460920812 0.19113369922997497 0.607474856296711  
0.7136829646011215 0.3041839445542507 3.25647340057525 0.6036544972971614 0.7670479261360712  
0.10622143389103754 0.06327262126417264 0.026210562812678268 0.6689499973613378 1.0782922335641125  
0.41963161592783027 0.121713559899244 0.3359814182823861 0.5763747091930383 0.39041774683480623  
1.373215075623226 3.4497656170594584 0.11139195749411596 0.06400547146382995 1.0460800081362203  
2.0852223763081197 0.15936174532466646 1.8699106469022881 1.024718671171707 0.0375206946361817  
0.09657478596931039 0.11626500558542943 1.653154039636855 1.901337963573491 0.7783763725628621  
0.01266243334138184 1.3133876707293943 0.2665315449971166 2.5407567570892353 0.6399115893064523  
1.5128072567721185 0.1665990300052979 0.25513197889396044 0.5297016407888958 2.2615760961161873  
0.26176837557258087 1.9791360247879894 0.7775350371427566 0.2726617385151344 0.10457088754488056  
0.707554826306977 0.043251082138510866 0.5201080098549379 0.31871019865843236 0.7200732086550721  
0.320973191188782 0.6707528857877435 1.1336771079222066 2.2918037984906316 0.6110510029672834  
0.8223262303904393 0.7512272858386831 1.0018110586900026 0.6631965855458635 0.02676088861979005  
2.824707115916809 0.6680749649545406 0.19033419697410364 2.5094706986877537 0.98923709847479  
0.07878401760849839 2.215595303421492 2.883553350688846 0.7037529474602876 1.9370925033541013  
0.6354810688892171 0.12822777010827602 0.19830368883120464 0.7324737819962753 0.15228646339786836  
0.09457695814607685 0.13708286523185942 0.19225144755466617 0.16241155946713345 1.5629538101335572  
0.8807534975559954 0.3008052251426497 0.15029647277899386 0.34525363613218274 0.7612772054123115  
0.5469693740499681 0.18029188316897665 1.6233007374016186 0.447300532585137 0.5967656997709264  
0.4081944329219978 0.09596073324292013 2.0018701645187607 0.4442407991399946 0.46209820299443205  
1.4475839767258123 1.6602913258843894 0.31428900528011544 1.5304239801082875 0.723583826860617  
1.0581555689352733 0.86413818569818 0.3579675137899944 0.832941302313267 0.2530600088157656  
1.7103748348059633 0.05563232671549229 1.2838059255836105 1.805395020297243 1.7054421686825747  
1.0761437841369348 0.1744322935346028 3.081006888896518 0.027874257759497173 1.4283952311867902  
0.41323404254485563 1.1013302829493266 1.3563514594682782 1.0198030289230158 3.584089550736655  
0.048146625411548946 0.6863288281770679 0.3633967247342118 0.26309260726308775 2.1222195223426876  
2.635983213470742 0.5288943340578526 0.13185629339399413 0.7509387888941986 0.5162230483696192  
0.04190601380944374 5.266748683139946 1.7020593182601063 0.25846829675370675 1.6343694734498957  
0.2140829431174682 0.25322857666184756 0.18884966605093134 0.5867995505687095 1.2537022869700007  
1.5305551185224304 2.029578751504666 1.819747953936689 0.11211538655670628 2.067608300177125  
0.48999588849399267 0.6724613722727457 0.2786587575510367 1.6259780638087238 2.3027708667127125  
0.6149947095342977 0.68580194292384 2.1422679604873953 0.9628635701833671 2.786495422070152  
0.12196849860634662 0.507112239379781 2.642857357631283 0.856101301106919 0.10088369576562192  
0.6675188020457776 2.304215309296277 0.014205946540274884 0.32689585566859464 0.3517923190352995  
1.056677497678893 1.4623972857356395 0.294255876695203 1.1071308779803284 0.8723625196618734  
0.7607590444768081 0.5219701099563088 0.11422525562199963 0.28953991693706804 0.17527514062078423  
0.7461343976860199 1.7296240176887383 0.2728651320347959 1.628777788179078 1.037724215265175  
0.15360116561900253 1.3389149281226362 0.10331125843200392 0.5102012794290331 0.38025564924258115  
0.41494264298310585 0.3497269582006078 1.2615327785900763 0.7562445563906661 0.7199192878949884  
0.6009068613020259 0.5361367390238025 1.613481224240309 0.07948036012299037 5.745879229523042  
0.016228826577629456 0.2337136230703689 1.4784661011221794 0.7497887638976083 0.4263866943885962  
0.2617128592250491 0.5493270700032747 0.2661394401084083 5.0186818443151955 0.21145837794688743  
0.20545401699626398 0.08916328370421657 0.10820406487099297 0.9577386565694408 0.0895789817854036  
0.2552684787534625 0.3158341479864428 2.4798502248533567 1.386391721988452 0.20130587072674586  
0.27492331801183534 0.29970531432593395 0.09734339129144753 0.45313986181506055 1.3878488484850755  
0.15995035496952895 0.7235625596480078 3.153722992626955 0.2480481603460299 0.413874591391206  
0.4337670084737208 2.389998951463648 1.4455203824281027 0.7659849478750499 2.6568938165998888  
0.5908898346089394 0.8619741065872557 0.5442577411063836 0.3187858934621447 0.07039624128272111  
0.2596548159688682 0.9449738950716182 2.250720854907671 1.6896243887966278 0.6780522076895236  
1.3504555240388427 1.2748388923406557 1.2490363569492031 2.123391013363956 1.2260575320864742  
0.11576828770546291 0.8179751618132111 0.667131085040143 0.3184693883121957 0.7272316454143708  
0.12697710214344887 1.3530803884715543 0.1969096933161537 0.3358303039868502 0.21918704036660255  
0.9381458939646056 4.231725670677461 2.1772517610698117 4.855785251903915 0.5890844294175847  
0.5721017968783237 2.76485299886376 8.070160711145146 0.23871110054515768 0.13777428635220457  
0.7334952559995548 0.3248335558620976 1.6595701777847716 0.1547840288477909 0.9581885771384149  
0.028052564642542608 0.17691630974068537 1.5791944321347244 1.5135149252224307 1.392234735494029  
0.967595208188694 0.6293936091578948 0.19998150041837132 0.633527397571823 0.706129579731233  
0.2195407725592213 0.7879231708449748 1.4074594344072913 0.7288288006972312 0.3369340296890686  
1.0099107253902213 0.3541812977169366 0.263837077420715 1.3119731632760419 0.24869416245757137  
1.489800788290962 0.015352051069107702 1.332394370470589 1.3942990772181147 0.9111466231546336  
0.07179201744028661 1.442932068997705 1.5489509897800788 0.6369443857246903 0.02305400916503004  
1.751173698556913 0.39336929696822026 0.048867876016459214 0.8794341694055812 0.14245700311928047  
0.4910015861110758 0.7304539587658421 1.8914754179630173 0.8872660919812777 0.2274070431305973  
5.021167380185775 0.8853813179112695 0.8596249279717442 0.8195906739522015 1.9335472234604518  
2.2468506648351814 0.23974944277150523 0.5749065183333337 0.7923151390487522 2.3599682277358736  
0.06191246928491087 0.5568920968882806 2.0961803167960187 3.348219035323366 0.2773510840638001  
2.947954133114697 0.5123167408887264 1.282047278951075 2.8569793651019864 1.185788124750236  
0.5665925193256575 0.3323772924096833 1.0938838835732647 1.414956033885627 0.6844222480059068  
1.8251157594852783 0.5974596157278905 0.796208617209463 1.3433335070888426 0.7904252912072807  
2.2711132413897515 0.37834387808565695 1.4479026157728494 3.409369275548039 1.187201302447113  
1.6798372187505135 0.18191347145448694 0.9472679024673398 0.3824606775290798 1.5404748517511655  
0.5314756767224934 0.42571051871230325 0.7499257822068087 0.6144020811621094 1.9956996463902381  
1.194714618690801 2.010559020895828 1.6624080540289292 0.9120045601807718 0.840283292642977  
0.7575701790098532 3.9357483721944266 0.21111374126252336 4.314686214082624 0.1683991283007412  
0.4741203034243585 0.36588417007060087 0.6990029898763075 0.5677047575184011 1.9790017523970673  
1.2139518953077233 0.11721343982864467 2.5278334487612146 0.4315661914203974 0.33289084338408587  
0.24420194780620397 0.12488518933202093 0.06584357639166877 1.4345040657100792 0.4979189649457205  
0.46765801984421235 2.5037641882531845 0.809541440506976 0.309185763711543 0.35314897551889124  
0.0845175175800184 0.052730854745768156 0.29252349142821227 0.5484373172733573 0.5602753982006337  
0.8592198964786186 2.1470684580406147 0.8218222258115252 0.6285252646078406 1.101823641769477  
0.19504201342728483 0.2113680478461652 0.5051608070460352 1.7784221328127752 2.031267341032337  
1.1409124990377382 0.5605263176100174 0.4906202027704867 1.2928921525405093 2.0148412616788947  
0.12598772044706177 1.3377527354623828 0.46479444916570034 0.7916922438576145 0.26409803640335183  
0.6034614205808055 5.063674836146376 0.07446944037430091 0.36061643909591523 0.7754917332025558  
0.5665251208520509 2.7288131413360044 1.5726142938427323 0.07989368634387152 0.2786192587157583  
0.5472149747963282 0.25730471751400175 0.9874257029080006 1.9114301460118672 1.6337559321473245  
1.0906121010630898 0.4006328795741397 1.054701839892617 1.7594325621792986 0.4865422767940812  
0.2840566865822857 0.07219710463890101 1.2175000262051354 0.3923654205774026 0.4898170848871965  
0.0766264417743376 0.983085155086014 0.0568830721746313 3.0995719939294677 0.8390853554751578  
0.6912254225737597 0.5566927523049456 0.3468968516623785 0.3738740589808341 0.3952388181636865  
0.9757333696193036 1.1751278881724734 0.10991255336094767 2.353002819811962 0.8598722853249111  
0.48732787076043305 1.3534938320740166 0.36388318674009335 0.2512642719679966 0.6117512160190364  
3.1587699647389957 0.012609869853464609 0.8528178295810452 0.12941681617682657 1.4054984059719555  
0.07040535617822195 0.7943846256106487 0.08105772718982795 2.159093714609352 3.5529414867685722  
2.9205819626895866 1.2009236837230437 0.10265215988683582 0.46419460054861333 0.10413425109980617  
0.827803534680988 0.1523448877651487 1.631543010085874 0.07483521118382513 1.9417240311088204  
0.59305036081855 0.9528280863412463 0.1964446412297327 0.1961425731186793 0.5537438540330752  
3.054792176993809 0.5934013677581572 0.2178103286222566 1.1645514956668068 0.5774772755800549  
1.4187443622208882 0.8666627718917337 0.8182192530472097 0.557842134193458 0.3792336330738947  
1.1407090842605931 0.2424356314633787 0.2964914695253971 0.2803185063962887 0.10998078598420781  
0.5295601778266656 0.4817869090471392 0.6172290926560166 0.07268252105674122 0.8335449926907058  
0.2680034338011993 0.33574645203464776 0.6409792705963219 0.9645495769714145 1.9604288784311947  
0.27396450906577613 1.2593469291131871 0.932107547629737 2.7175760708275676 0.9869342965680916  
0.7836252535576316 0.774213475054498 0.27380728144933125 0.05692756587447203 0.9646961898570926  
0.7294996341070271 1.6879947655346899 0.6626969603619157 0.9942512966607959 0.8511363636358914  
1.6741856248100981 2.755645593614966 1.4874725039764152 0.25471595452524376 1.973366585740123  
1.1483312146125846 1.2097874310763277 0.9126125200696154 0.19398789126700008 0.5409902145099512  
1.083672281241373 0.09407115566977953 2.0499018329298764 1.4416235861565454 1.650062652998078  
3.8167078188375654 3.928947032402116 0.7158136190217631 0.7036828337463277 0.07312661517438825  
0.3410623978920987 2.036281038967366 1.7601730979570143 0.01460066727316143 0.8871328900690838  
2.4699065774621456 1.6737694581891238 0.5377427169055269 0.5716234676351395 2.3811199867338506  
0.9447842841894288 0.06682426552032703 0.4457127074307993 2.5059615807546267 0.3185152980722705  
0.5505053859370761 0.44659832587149206 1.4475187002686614 3.051366642995715 0.7264235958415187  
0.39417934745664557 1.230107990985244 0.21317212849621045 0.13366169602288974 2.1325155200461237  
0.3763140942933334 0.8890561833875238 0.5297846005367498 1.185507892983432 0.7514277126085461  
0.4104366113911739 2.127375009197018 0.8835271277788262 0.47671947342362353 0.4165534785561523  
0.11051832901239407 1.7921224228224295 0.17170325794036304 0.19793997683202977 1.3448430417489488  
0.3337738168599485 0.28209798529846425 0.616257152739161 0.914839484536252 0.4095333027963736  
1.5898905736128888 0.25993446294154343 0.2007448331368616 0.0921736276230607 0.49407440162226485  
0.6615250793861774 2.977377757363813 1.129033663478236 0.6095912315441973 0.945446132739835  
1.613075341683458 0.6566450934272439 0.29596420234255144 0.4164078629652389 1.2053994608639151  
1.5201383682690222 0.29345324506455994 0.4837791642337794 0.648502133146623 0.21396435662246935  
0.05651865319165524 0.3778975059305249 0.8655682111640058 3.5938645237321216 0.5171655736325529  
0.7625809445143241 0.6221898460162124 0.019388357901544587 1.7302895850071136 1.3385722128911044  
0.3076365939981381 1.3806861601235505 0.8122628374647336 0.3091824266497149 4.374828474476123  
1.3054507333087455 0.6477996481993376 0.2660884852126611 0.7006727537461854 0.23230705386396194  
0.7403055359640037 0.4566880473161965 0.8611817908151715 1.4042357966652443 2.802155047052803  
0.35612390512452763 0.3016547582867403 0.5026837371198322 2.539005966036763 0.4331549870800138  
0.18629237677415197 0.07024753457905486 0.6972069556602087 0.13621325976371687 0.8238417285982429  
0.5335377996689763 1.1389637520418336 1.8072674395749653 0.5287245430842257 0.1332235633591102  
0.13539284114619834 1.5580223015734767 1.5254020979097689 1.378737989929544 0.9958624020433557  
0.9608781360950723 4.623009716086005 0.3534370979184057 1.9186863316389942 2.3530898084999357  
1.7993863356684845 0.060732747399304995 0.10161430174869207 1.307908376854322 1.2101142399703184  
0.24950983437186408 0.24259346287444494 0.06775150348059003 3.814620815555169 2.391026323600594  
0.683705876525536 6.980132580051862 0.39097072578605246 0.012469997881844476 1.6344002622631837  
0.24071436721446443 0.6579637382659794 0.26319116903254414 1.208161340449007 0.13903691086974995  
0.6267606013012894 0.9864838722553909 0.45945585268059824 0.6729455452145248 0.9390203180821052  
0.3775620737794381 0.26460465507330233 0.7078521646888223 2.4294800575236377 1.7699674801327363  
0.6646319216882928 0.4650755972585072 0.22171428119507805 0.8132053310756255 1.8915113066338856  
1.4204095760075557 0.099175853269354 0.25908392453344087 1.0883049783339644 1.5376482695060876  
0.36397382502967124 0.4650156044125931 0.9037649584377778 1.1879813085818625 1.224361765368704  
0.43358063768697264 2.9922991928236145 0.03991139864391301 1.0214915419730615 0.7221697539018018  
1.5369769203843107 0.7138532406518661 1.1734693096398552 2.0531778926105577 0.04241451392294625  
0.20837430031575066 0.29207181465667276 1.3051454107025389 1.284544140435133 0.29185027845832245  
2.7704945482387684 0.20343422393471897 0.07563875931572116 1.4524158643451983 0.10240923039001405  
0.5540684950446886 1.7882339600794235 0.09882875504073214 0.5172594268358255 1.729736701979886  
0.6026861335536831 0.16302285552519247 0.20374563599526394 0.9640378712427587 1.1486125267978888  
0.015301702345354808 1.268395531368434 0.026774372873287638 0.6546188139289312 0.07157139372788543  
0.8715160513520852 2.506013262993282 1.0069278490986047 0.3058974400544487 1.5217094880991429  
1.3069759919893715 0.8048603160141244 0.9654240021594773 1.8112075559108494 0.06652597743993614  
3.7632363884457396 0.09911182560111371 4.8981640781484534 1.1402923079216016 1.0139818043897901  
0.052495990215239846 1.0901239727069798 2.6194043790086363 0.8159626376762904 0.13241709197491167  
0.27449353358641015 2.344702112410066 0.13606692605622164 0.29728150433388434 0.5670399180644613  
0.51102911647662 0.18331558174360918 0.24575653942302994 0.5572338116631655 1.9807091564086525  
0.42723172641512563 1.4035066486025782 0.6200624235700624 1.1784993877451924 0.32381897524482867  
0.24919244481713346 1.8948370848012464 0.3877324298553494 1.6620747304563708 0.8715223320275202  
0.5277272088593927 1.1125585558494675 0.5234965372029131 0.7956547345306977 0.1851697354570825  
0.5923577399601919 0.17970368871584907 1.2067151051184797 0.14710240708334527 0.6723576949666259  
0.11796524350523244 1.496912622731918 3.5393622865916545 1.775785972051948 0.692007524499994  
1.8830601666574824 0.3017536090005309 0.3280122523999914 0.11378780311670002 2.2207133406847523  
2.055536588484912 1.500350706918857 3.1644383006547 0.19702402696702273 0.8959951561792254  
0.835203057655464 0.3781173327769764 0.22932235103638174 1.3792503412648363 1.3390041670266277  
2.225552616877987 0.8833563019230652 0.6514650262312478 2.3615442812001426 0.32044950349509405  
0.4147635224481269 0.23136992228570719 1.2871084633287022 0.8730319572429509 0.5219751642692235  
2.775224835103097 1.2173798099627515 0.6166205989898478 0.184045920959168 0.7388125568106015  
0.006117944467234382 2.7816590147138105 0.865254718930033 2.8913544822251587 0.6768047145408566  
0.46450403993162215 2.7682562183993613 0.08069474229746573 0.6495980677456067 1.731985646699971  
0.6966808274298312 2.4141967980092973 0.579457010269485 0.22831595199193638 0.44461323283496057  
0.35756783024880295 0.23743461214896028 0.4957092874820092 0.6887985739169882 0.7135086959747994  
0.24412751794770626 1.2260551402193243 0.7575583461861275 3.5851704715023684 0.3110550194926337  
0.10476814600026017 1.1728668111550409 1.3611408501215554 1.0869759491974076 0.03223319041667605  
0.49456538816283435 1.6302214079344257 0.3883300420283207 0.01743365425559066 0.5665527306251676  
2.70793989901266 3.730294275004593 2.1361325243050024 0.6069877475941976 0.9103610657827877  
0.48265950601435775 2.486322336251216 0.23809376719480443 0.38978587760418576 0.2687472856984414  
0.9657725804589777 2.1815289081489255 0.06854430668836183 0.6453811647227299 1.9195644329799662  
0.887687175086179 0.4151735657691235 0.35818697504906366 0.2696666689339141 0.05661153667790684  
1.7235429232057793 0.4118526204080932 0.39764454375077823 2.294779108030845 0.4669018883688979  
2.968876628341804 2.888184161770946 0.4224119496647005 0.28528873945385813 1.5525482207217742  
0.6050624347807096 3.243127893611844 2.9248456485523335 0.3910713552317151 0.6879234749527673  
3.438773648715075 1.9719041548285552 1.44397753070406 2.53260797348392 2.3145076008417935  
0.8821215849314232 0.13944414323838403 0.4391054564043557 0.42781082475547744 0.026323435627083204  
0.6506637413960402 0.7239730396797485 1.721838161616808 0.3581411170610741 0.5653779559783354  
0.038990914529399096 0.7018243240098165 0.04857646411225402 0.4160016194598779 1.4043676319650245  
0.7060227467720644 0.2740625018608314 0.5214808004958896 4.782907533196701 0.0017867618709473919  
0.3147303362253901 0.40523533311941484 0.23059726732562888 0.4559802231370523 1.6855436280190654  
0.5058523304556415 0.2833095766090185 0.5395117033654937 0.46717473736701154 0.3916655644080466  
0.10736155761634376 1.440081569257351 1.5784003419004764 0.4236745598100292 0.502935240247709  
0.14107614807522362 0.5348127656884929 0.13241736436466486 0.3234421436585934 0.13663455749094752  
0.6639338349584908 1.0222856679595302 0.192223497018443 0.8095547260122842 1.864448005529655  
0.13976396022553006 0.29508078093779727 0.7777828240030404 0.08543408398856107 1.1581707998296207  
0.41456531133088 0.07814115690495868 1.6118691534306446 1.096129874271318 0.22652965746103867  
0.04630323842599354 1.8351913145744752 0.36793035289714415 0.11712784926151637 0.9059103109260335  
6.392338972729176 1.0085113366129017 0.329570588020872 0.8327671370040447 0.021834275861621892  
2.231091265595285 0.13179657106850667 0.2781265898414624 0.02189864050596071 1.9637487900624064  
0.058180299314408636 0.16727551878978444 0.2622000700331107 1.6107258794090729 0.09591149209365694  
1.0668718599543736 1.4230862389184662 0.4445116689775898 1.1868039655966711 0.49122474771627916  
0.31132101031865816 0.5976585800160196 0.1054064718606802 0.7571482852265082 0.18367764162172454  
2.8333694877879276 1.1490183142578316 2.3424510715946116 1.2680694522852722 1.7120356563390982  
0.6209101337295437 0.2712852200745572 0.4999780791790689 0.10275445764139259 0.1548930971660013  
0.280402952770075 1.1086257665348629 0.5653348824415669 1.6058682382907106 0.14353247209628095  
0.31406085537340805 1.568622900554497 0.47208196939543606 0.13929846735191387 0.8202430500313845  
1.766674590685451 0.7092130696050396 0.008328300847964754 0.22367160363573246 0.775855099127416  
1.5128809781759016 0.09903607686633209 0.01679568595979129 0.07370039150873876 1.8278040461894138  
0.7115571460680237 0.9849124806378854 2.565300503141158 0.2862556329281685 0.23180793912532283  
0.04510058347683632 0.04164219350797282 5.456419999000515 0.8719660929302447 0.28293179093867105  
0.3308682034065027 2.479373698297866 4.851848386546669 0.5352171905275886 0.13762657974743864  
1.034836021156403 1.7466312422902828 0.9562798070155979 0.5795562280464386 0.7867911778840176  
0.3585050216158653 0.09517345342928551 0.10297328058335531 1.9721826341670206 0.6414811275071509  
2.432317994747008 0.15457389843128377 3.1559768172051434 1.4778697550995379 0.5295047243996326  
0.24766615108614104 0.9454725523689187 1.1848488985514012 0.20875000058794782 0.6976910057553998  
0.33047065121711167 0.14444016355295314 3.1126386065859157 0.28842084813021657 1.7069765506756585  
0.7002763027281829 0.986224846145813 1.4892669149511062 0.5087426297557316 0.4825403830844614  
1.5192241560310475 1.5091608658606617 0.31611454814003265 0.8730032813352541 0.1448826326604821  
2.769313575203403 0.24791682087269945 0.1684129087116554 0.41776110579100095 1.1901865397055786  
1.6715076027419482 0.3167062098679202 0.8578665886568696 0.7800942265624392 0.7285356001559167  
0.9390588043728357 2.5123568389269315 1.6986728330516065 2.0818756672121803 2.492368197974595  
0.1800832889464117 0.4867771875123974 1.047568157003158 0.18526437459272063 0.7861630881453832  
3.9084959965916424 0.8485867950331575 1.1650032324445492 1.6795010459419075 0.18249930286257926  
0.07012736463883029 0.5247377238741574 0.22476295729965323 3.271272724488507 0.7839868229934901  
0.07150986518277047 1.7881082979221035 0.23788279235449622 0.5448971177198016 1.482712472835266  
0.31766418691646636 0.01185354112119597 1.782156147328112 3.001972145292806 2.8105541148677986  
0.8562341016333013 0.26395685366667965 0.8431261558375349 0.1725518592922344 3.3368560519737978  
0.8839712985135257 0.6661769093375688 0.6870241466061888 1.245169228566161 0.24035205755990063  
0.379843141304849 1.9532446505039982 0.7910703279045452 1.4823488773204987 2.266757789996129  
0.9235948919771971 1.5002906218694745 0.04878563795164024 0.05702610586508092 0.7569692319098889  
2.1180460097716254 4.195283164443993 1.4233530249841972 0.5029006293776794 0.22059678855331166  
0.6437782000665284 0.6904205349237645 0.8445844005686788 0.0825290607350472 0.5954778929601827  
1.5236367051465964 0.6455019054285241 0.1694741256348527 0.015413253482142572 1.631914395864981  
2.0410599384293695 0.18695406425671224 1.5298441988933145 0.21190733953693816 2.850702992578368  
0.33369218899867015 1.3914113486591502 0.6169439469826911 1.532606195745152 1.1519211095938238  
1.6630179121868365 0.11123498470371394 0.677739020646085 0.6402156257485012 0.518893462646572  
0.02642181774442006 0.4042094183275249 0.6096949508242813 0.5625594987177286 2.29879796217205  
0.3174315008365406 0.062146247081272206 2.362896632402687 1.2105779246509152 0.10648844544803333  
1.4602225345280384 2.2552228239690124 1.146668888417804 1.3157948029396669 0.42448365393898246  
1.0506984858037034 3.4557548962966202 1.0829459101104655 0.45141794341061414 0.2622066661354665  
1.3476390075853448 0.008807417467272222 0.6221553031874536 0.05665783888946679 1.1705951879020124  
0.7158896178738553 0.10970571542699796 0.04407377418686868 0.3183255418536203 0.1554560663590409  
1.9464006767761888 0.0626609521674884 0.4723055797914606 4.028864811205247 0.05469915030476638  
2.1006413149572323 0.9329949450502815 0.4480664708548683 0.6885455332519178 0.36319393994819094  
0.5239375783794669 1.6699755327287988 1.5221114306832104 1.6688171276421107 0.07783277113197012  
1.2580552801963487 0.08045518327430319 2.1951218573055096 0.46855425112785387 0.2568889096887729  
0.2530647099240127 0.08997627455309626 1.448804932095318 1.7105235399119518 0.010231804534317983  
0.9824167201110446 0.15500059083880374 0.015709422375181057 2.9510991039195362 0.18480918625665546  
0.43905774271694653 0.6432889576057607 0.11640128371527593 0.3261362681311849 1.1208695202467964  
0.1474663402622546 1.055162527595108 0.25643361972191675 1.0647742027930251 0.6401744930045296  
2.525555413663911 1.646915276698719 0.8966772369872344 0.00885788723309513 0.13351083954163734  
0.17079652445002477 0.4758223657711568 0.03494012819341991 1.239293149086343 0.34523625546490233  
0.44402892227271223 0.7392580246054371 0.19665668174010983 0.05332143239564736 1.2283405729567152  
0.6276874143301157 0.07915177587168772 2.3583696878548057 0.28440303794556826 0.514988593508146  
0.6231331664098481 4.225683976073657 0.15299647179566214 1.5838335711329776 0.47030437481315596  
1.8438979574014518 0.5951013849889917 0.676967582130572 0.6808807462564359 0.19380162750315347  
1.4772684794624937 0.2137805822097097 1.6637719309443308 0.02989462730189659 3.2439048192036277  
0.26382103195002987 1.5435022897504018 0.45088543914213075 0.5884660508860808 0.24220952439428597  
1.3698521545905207 3.082037286160155 0.5974464157048928 0.5124737532986995 0.9039400726253327  
0.2173958992434491 0.20729149138007222 1.4152428236717556 0.15850935090472765 1.0934528520792064  
2.02516541896715 2.610471391902825 2.4703397719913895 0.6343467386063367 0.029565295091490876  
1.6543547659287794 0.28162521194432755 0.6182935895007559 0.8476845579143162 2.4598546329981072  
0.402092708264131 0.27467668328746264 0.6061661607579532 1.0265458299160921 0.21169412098192522  
0.0817923525107508 1.051986349007241 0.3400716505338944 0.28019610866295536 1.0768166723233528  
1.9448766117743448 0.15888444764835827 0.013218513638520156 0.0008817968996765824 1.1847575438205447  
2.3235743167878633 0.017037639066120252 1.442321999029318 0.3819188761958724 1.1795152021093078  
0.011407454085674663 0.222452292975224 0.06014753227690173 0.5183405018119072 0.7427049986356765  
1.1646399935799898 0.5797631850495785 0.600035829081808 1.1154535965377106 3.2752766859043927  
0.08007974219629205 0.8128596684273458 0.11894894187377886 0.5361219440651758 0.11328312105493259  
0.343974423671298 1.1498336785783627 0.6311322813405678 1.3767231223751264 0.7567997234157465  
4.744047130968021 0.14937185562396657 0.27153544287351816 0.5097138524442515 2.3971064465548952  
0.1200783845017457 2.8457405964277696 0.11816163272413892 2.137322341885354 0.20497121248865832  
5.235643758677608 0.4227695645515939 0.6695387472116795 0.10327898272331162 1.1218506546966025  
1.3725602553058205 2.1461843458096395 0.160655203207966 0.8429138609885252 0.9628778979763158  
0.5237661564718727 0.19286664138029758 0.6363494059120436 2.4840815924526076 0.9291624221524059  
0.2744127006758048 1.003683344032415 1.918416477052716 0.044335487556576056 0.17538478887906045  
1.5104261992366508 0.46649110831825086 2.118253864436471 1.1547315804163156 1.7607937797576492  
2.018084420780632 0.8966636456150534 1.0850790586450316 0.015951042587647044 0.07981590580992524  
2.4841305406832346 0.396497488655721 0.6694597771424269 0.2273488436870106 0.7999403876770832  
0.9740914559169377 2.8660812589962736 0.031183121251211116 0.061208180275226766 0.3763632352350198  
0.21293979267867266 0.8849043365794934 0.6022754451931106 0.27739443526628954 0.1464851312385879  
1.8145637809376536 0.8598451846579385 0.30070757841426987 1.6121221755181476 0.14029802628384583  
2.4640478873799045 2.7425533669508373 0.3430474929387265 0.5822808538234099 1.038057548188474  
2.485407546412351 0.26811153550117905 0.44566869204444576 3.38821208072804 0.39163980863465203  
0.061806337467802536 0.6607600399910062 0.02951252246700466 0.13684389159746727 0.8892929238982664  
3.331598476154497 1.3155973665967406 0.20094606427289252 0.0022980866615080857 0.38150713329856734  
0.0043033868123651675 0.5560222603343008 0.8077849917551758 0.6083054634630486 0.7522443381257625  
0.24617214605202006 0.060566737606351034 0.18164270503490765 0.6153373647536128 0.5386956208204678  
0.23177555757570253 1.639510699606219 0.14471506659851155 0.7165797052114848 0.850199569982096  
0.19560862596619483 0.16174191386933584 2.406307340172444 0.023894340430010524 0.6174742514873923  
0.054743915984623595 0.3577731481745515 1.3816505058073358 0.2263971665607001 0.02973622317130157  
0.6359933329567908 0.21885560168827262 0.19565055342129223 0.05131252347845208 3.093492567700183  
2.4243597060913618 5.089811567990044 0.02798671786873109 0.05278381579420501 0.1968177632070801  
0.7063238326298507 0.9681031166354275 0.5440340535721592 0.27920802800827677 0.3019159651800259  
0.1410765027592571 0.301929367082591 0.55360600332786 0.6193304843777738 0.8743301688925839  
0.03253821775329174 0.04322025373002865 1.6970987809919849 0.20486724220456004 0.6973112929116948  
1.0057229559912815 0.4076435421676737 1.408473944066721 1.9112952999687052 0.15016845331901296  
1.2296313715556282 2.4718600842968663 0.8849313590062186 1.258809223594158 2.6076145514054305  
0.6630859562327567 0.2498626676573751 1.0256226500505496 0.41541215768710543 0.2776113428672748  
0.26013374779756354 1.5697460846577909 1.0461417326570996 1.9745067672490675 0.2632503923779078  
1.8566949573079734 1.9666606786623566 1.5774399488222346 2.5238580639337593 1.5205538052655883  
0.6440584405474556 0.6182047816071117 1.48468360442524 1.2162425355955988 1.1072161125147812  
1.8790580945970752 1.1408920569461802 2.395167123240112 4.6109905017204875 1.1956606141359585  
0.7741568350094873 2.872175982340131 0.15235266873935902 0.24876861517293694 1.1873432550690184  
0.6900262493418394 1.1643144344293364 0.7858813763563628 0.25265313331867695 0.22262231010483252  
0.8753926162547652 0.018400635027192146 0.8588580014545254 2.0794164007285674 0.11544447251542556  
1.3739396195374818 4.483644313146646 2.1237939741015714 0.7534962907830396 2.105174230863156  
0.08466846593658761 2.3395080327446163 0.22998023887396604 0.4012482629632487 0.11218749860072941  
0.9470930116026922 1.3196298238129058 1.2936214489752496 0.052198954544363636 0.23724976153204105  
0.057501358610124335 0.5780121582316424 1.071842121794748 0.006844165996501039 0.045823744004293884  
0.8729358107098005 0.3891054510992825 1.2709912723853387 1.2967398976128306 1.4350638495934265  
0.30257869626483863 1.2114494460376901 2.8491648467183506 0.10296157772109756 0.5137714642496148  
0.491387268667644 0.03193046690039436 0.38418981383504974 0.2044975663438379 1.9036978394275874  
0.7346425020792232 1.0954930970736614 1.3747090464260958 1.220987900462853 4.5091062590688376  
0.3946285287154348 0.23011530827786214 0.5308651482147757 0.8780283791651825 1.6445419380848942  
0.5442146239165948 0.5321577660751083 0.023970991367634958 1.949292328910553 0.29523887420367523  
1.1942054462422735 1.9376107467724792 1.5717055411788028 0.9532377879109882 1.2341766382131543  
0.18221237987671585 0.34913491958011056 2.3730844928204196 0.5538397365456724 0.4301426192372666  
0.41107989225541436 1.4982928584134074 1.322616062600902 1.1122023471263862 0.27535984503549704  
0.006690216564565302 0.14494046143254913 0.02143433760999568 2.6298662615236483 0.7059647391798273  
0.24976960933271888 0.7853706523605926 0.07552345030107357 1.2833790072581124 2.34829044934514  
2.3665359341161265 0.15292214891695297 1.1375075305318902 1.923431915045215 0.6969060313409361  
0.9991500867182915 0.312538144217185 0.007662102781133961 1.6120837111671213 2.399358429259036  
0.08806772465820079 0.824471146708658 0.7735475898169014 0.1325944510933172 0.1208009402149252  
1.301150532081288 0.23825438701968085 0.1397685851113028 1.5061019582559145 2.993864051982737  
0.7877060030666708 0.45072509785657494 0.976352775564412 1.585639013547708 1.1424238351215883  
0.3566306292151348 0.012190060865149543 0.628031503647203 0.4909817884265115 0.6798751250533996  
0.14376201408744105 0.3842965832902082 1.2624229327718932 0.3825282611773721 0.24519608629634626  
0.8683165664313435 4.327959729454891 0.7351482998493729 0.7375250694481232 0.03806775220155116  
1.198725593775983 0.5712132202277368 1.0794437404180253 0.3216123546496803 1.3647889778200826  
1.9348875417939102 3.263509009676634 0.034647090584726176 0.40366335897792177 1.8847325318037473  
0.27031844109009245 0.0062072841619269245 1.1331319077752184 2.548812039564198 1.564979262551948  
0.984864012376369 0.01382900252263214 0.0362413525151396 0.35363480774930495 0.5854610887428214  
0.17823212036122102 1.0069478177072875 0.3196444854875046 0.7444803608604401 1.5099627332537413  
0.9129640817254656 0.5357462203723385 0.29587216205117206 1.2624950822964274 0.14213130607901925  
0.6322249349024978 0.40193088991927894 0.011948826235577777 0.5632134450660495 2.3475811576163124  
1.5114972540956808 0.6173872650091261 0.36709958836668277 0.5944427714245751 0.5689213454807593  
0.24324372265966418 1.4273160045863624 0.1652819590247692 0.6155042335777959 0.6756812709640877  
0.3569343790816496 1.4716909001397795 0.5291323733543671 0.9194430567357672 0.4508183498637413  
0.21908032583477083 0.39231959875544414 1.0564692356144478 3.3060589765137953 0.00011716121305485735  
0.28259774705500595 0.6136854191337392 1.857888870852391 3.9957137074958546 0.3459691925250392  
0.6891431788781203 0.43389331148956933 1.318683853141066 3.3899907126836335 1.3209328806530942  
0.08082315492429228 0.5857485810279168 0.7153559314734146 0.200144100080108 0.05129736032586201  
0.6959122518946744 1.2053866243708395 0.05105495169620531 0.2677547686929763 1.6797078060947608  
1.3879840585328482 0.2473799160363791 0.4986808703778986 0.381490576419349 0.5139835435904989  
1.2167093711290369 1.6135422608408194 0.7074340070637405 0.6749757988637485 0.06846465704613565  
2.937287861804436 0.3566989434954813 0.9586367798572842 0.08977936641139618 0.513345289430054  
1.5112150098656363 0.7699149779141229 0.11235027571376087 0.6665062262715981 1.9521844153715704  
1.0668387578743133 1.1951809486909626 0.03650763142461227 0.3706680672475316 0.3945071654590937  
1.7048912801250533 0.7692812420066442 0.21223138396148997 0.3281961731283558 0.7008100995975985  
0.18362365081888588 1.6930735794673533 1.2522294211971932 0.8556686185731069 0.4867811523212598  
0.4750729496078121 0.3046178780426061 0.8040539548040108 1.1924805418344626 0.9621978664150809  
0.5389482871196989 3.8770738293648344 0.06457340872044517 2.152613294958213 0.4445877804347429  
0.7397539962503267 3.4124436555369897 0.4064247039969994 7.349710934052931 2.423087398661789  
0.16797791934984632 0.7081500137896415 1.4972402526919233 3.9778778806030686 0.36633908733338744  
1.0139576846089613 1.1944148943635544 0.46911324663939863 0.0017682000082698528 0.06967881195020884  
0.18630757214722335 2.032632611773384 2.815550938455006 0.3548931036574848 0.09672468395664664  
0.03150193903317858 0.6672642668527973 1.3258339226187144 0.41417503987721005 0.5173137006344388  
1.521344006251143 1.7741490281820527 0.21191490509969124 0.006232378414938199 0.7115263807096227  
0.745385259788673 0.019086925816471645 2.098584332027274 0.4473052556938855 0.3131628718460647  
1.415981333118667 0.645797025304864 0.5018690588655117 1.2723326842804354 0.5092102107186083  
0.8096349814097047 2.950865337000846 0.8268661537382541 2.2129633244049827 1.3814145394715331  
3.6222799616944816 0.028228924193375488 2.248245677896825 1.5728310525588463 0.4642630671163727  
0.12397984295651206 1.976786878039787 0.736934203812263 0.5178248222386366 0.6855315837102695  
0.12543155842191292 3.0092908271761583 0.5673469160730819 0.8038256900437691 0.046029349383995916  
0.082524672258915 3.361940032425824 0.9612977342513797 0.6298392068231993 0.4205094278430852  
0.2205013681667912 0.6334346048791686 1.3021262140043413 1.5641923697548614 0.3448456532709407  
3.425447446440843 0.1815934716437387 0.017158551637676187 1.6766539786858023 0.3659068287144852  
0.23348674999530775 2.4764026965619386 0.8099777602089019 1.3627945833599877 2.953568111736758  
0.4388292277299714 1.9008287448727128 2.4166946953512296 1.640043348509473 0.4527411662816207  
4.951529862801279 0.7907872509999009 3.2364936380203573 2.632915635085296 0.31949548442157144  
0.38494770382196164 1.3945320145682907 0.019582985981017736 1.1993510615391554 0.15159030685083594  
1.2569297908052177 0.4677758844239071 0.3333165395939695 1.4109236154463143 0.20558019185151327  
0.37490236511570596 0.5595484402948455 1.898968560174234 0.8433231239806516 0.0038809166859652276  
0.28705757276323235 2.676617031266223 0.45254881384449513 2.198028976730519 0.4132539077723829  
0.19120378889059433 2.50514469349231 1.0037606930885843 0.09264233601069052 0.03385022990159024  
0.05642784714137832 1.2214356013040792 2.354063211179982 1.3273608056457875 1.7668320042750785  
1.226143707217584 0.7236698542136093 0.9326241518167566 0.6462634755041388 0.6891231620827867  
0.5026865676484232 1.3391336367578448 2.9658164377939116 0.7683246814715966 1.9607946568062777  
2.057144700425627 0.2742619495854887 0.2402067110100086 1.1574781506733265 0.009221352821477456  
0.18780007401887808 0.15100102803281437 0.027857680437211964 1.2885978601876904 0.29815990959966576  
1.7342625830439002 1.411661758948822 0.5336120923628959 0.0308299214080029 0.0010493956244118584  
0.9481304865531652 1.390677035658661 3.142960285673318 1.345628098559573 0.056321193938232095  
0.7713436132806986 0.44372408413075276 1.2067466183269993 1.6722898961753554 0.11349843357647281  
1.7548338072615184 0.007426141309818276 0.9866783528256003 0.6467939701835791 2.399767217589563  
4.525870472966749 0.6539574447736711 0.2525154350437111 2.4753035954151246 0.7952909581456027  
1.7636606931180663 2.497821817572054 0.07556707894532433 0.2819138072994542 0.5238689639932297  
2.010590546142699 0.0796115455334665 0.9264677078539123 1.0423605242039777 3.0880157801687176  
0.5038596225816776 1.6925517920674888 0.9282430515460995 0.8242801720231541 1.567058280242074  
0.7713248085507383 1.8399397037266054 1.742291123234459 0.8678170924644378 0.26662676448905936  
0.2663888363650509 0.12190793151817911 0.880722836869071 0.4921398642282807 0.6296388100091552  
0.4394055972733917 0.01672360908569516 5.019748583785206 0.08855168358347314 4.441608304232282  
1.6397127377537908 0.4424216747959409 3.084167320570947 1.0014475900737538 0.16472072368849947  
2.363299389865095 0.09293207328202288 1.3154502447432035 1.4473804629861984 0.550165683165883  
1.509515215872638 0.030787428412709924 0.9085332983689678 0.5081895825808446 0.10303804835636432  
0.7056334405628899 1.4541916195627276 0.15547285862183707 0.5946108010323768 0.03699425283112419  
0.38764927394080195 1.4494642986599997 1.975820856054282 0.5016806764930474 0.6260945272345887  
0.5724623525393648 0.7155086370337129 1.2639499282097073 1.0256056217724867 2.171093023452667  
1.1597793166193548 0.09191007981143044 1.3964132722691833 2.562981439513794 1.498095843980217  
0.5445669476812836 0.16054689066744665 0.43972630771265475 1.7945384832953986 0.7129456160032182  
4.393778631999713 1.1501440799638296 0.47730792536277433 0.7130213254826575 0.208181196498892  
0.37493191470352877 2.222187834348172 0.8490954971286675 0.8811444845606341 3.1218737315783884  
0.8327745728417705 0.3218869289220866 0.24876438052263267 1.6394829562276012 0.37283817351827314  
4.332328814841562 1.5737480054624464 0.10229686943773056 3.049109721919741 0.6679428936110671  
0.3480832940039524 1.5691767147777673 0.3421083290082647 0.7499889810684616 0.1837747698899111  
0.3068190048986312 0.1899979908685549 0.22446319213352828 0.16427360957042417 0.04779845500775457  
1.061066797769057 2.354026926725748 0.3254167718695109 0.6772310705958416 0.11242878459705152  
0.33575725723643435 0.7079469927715389 1.5015097595652063 0.17590100088611554 0.35460705431001444  
0.4049379990451589 1.1553817350364057 0.9526600455885188 0.8685175033412489 1.1801670673846378  
1.4735760437893954 0.8459002191049444 0.25832518877028887 1.1741138061906689 2.9885832541007433  
0.3673340821050736 3.6810814665392693 0.49389176594771866 3.096961117116812 2.177518149574265  
0.5366226454639074 0.15070476200031013 1.3130148947960647 0.7404715484523398 0.131251616405751  
0.8028718901609171 1.6703418282415907 0.8207341460558047 0.3208902378719661 0.07253993681591693  
1.1042730575735507 0.9162004934982372 0.32009452778550496 1.4500861446366111 1.6717585783182043  
0.34297597647100525 0.8596240830575735 0.47784051822094403 1.1079101061730898 0.8760042309709863  
0.8707605233736263 0.582262356071838 1.7127023132665962 0.27936839777762484 1.2417948122053093  
4.93199422186749 0.33672237405218225 0.10216312054890656 0.5686856030146807 0.917834250194919  
0.08700068023339814 2.2330726988167986 0.5170878884946903 0.5232211500721801 1.7335391827201263  
0.3539282454538493 0.08251125828641494 1.69895971404244 1.032948840134603 0.9606751381589331  
0.1316180175975951 1.1415124734178688 0.38256976061727915 4.7239818648011225 0.7717067628092485  
1.8023053726470493 2.907001104861486 0.44767248342026805 2.3150871310085903 0.1419710783737897  
0.3164287895887859 0.04762493850569839 0.6215557751333612 0.3068519429188495 0.5659673929749628  
1.1082430393847056 0.30904428324708844 8.222362093933008 0.5966413745087575 1.311907420349491  
0.35142111781872126 1.3113659115770642 0.26027417674552766 0.9469602768639236 2.2240484958160214  
0.23773069785429912 0.3231894582196389 0.21606368100068804 3.0207065996523537 0.39711893804437204  
0.10211095423917052 0.7323257530457301 0.33963414725695723 0.3040367087109951 3.2965612626807763  
1.2624850147612874 1.3506510084047134 0.036026690605031345 0.6785337245855053 0.19717434734788333  
0.7269549927236819 2.309594642887847 1.601183998049665 0.035257810464841347 4.005710061688349  
0.13978428120833758 0.037757238164622814 1.0468776269339573 0.07793034922939064 6.619585753323129  
0.8132549182684969 0.13146679876523015 0.5175067808282935 0.11688194224517592 2.7605521263803507  
1.0072462745175792 0.1606849251681034 0.42700743433027066 2.1442830834805098 0.3653735889389776  
4.4448654145667 0.9219817748106095 0.7217833357291581 1.8713217612587758 0.09673099652638134  
0.45029717743042647 0.19196696518723377 0.1796187009406509 0.8635724357657262 0.3032603666140915  
2.188125515486953 0.7727149080375416 0.4517346569208976 0.044751786181913125 0.062281228031193916  
0.5848900074838651 2.518035261797145 0.23987928687853186 0.24333391328460935 1.4349440341394037  
2.982927105926536 0.30202596001554105 0.9941797529286144 0.08960525646677617 0.5633662325762284  
2.781779664355687 0.047160390599894235 0.35783459118421124 0.7470887660447276 1.8514232804703008  
0.9049002655374019 1.5526717577801992 0.2061123120692101 1.1443177841201417 0.8887373913283634  
1.1214720815257222 0.49374155670715913 0.5255475661459328 0.3495686735810291 2.448717531768897  
0.29950642838922975 2.386036627440471 0.033093048834137564 0.9826491980686306 0.8290272128151319  
3.152720862814845 0.3566826200767619 1.276389769729475 1.6101212993195542 1.3380196426597468  
1.729835518526919 0.646789921482351 2.1956930681623246 2.7031354832712124 0.3756963379816746  
0.25364143100053554 0.252091576242344 0.1950971259707012 0.40510036681406886 1.4030416419719949  
1.3753474041811553 0.4561906941499265 1.638037701816737 0.3452136693929096 0.03465013589281637  
0.7815310251093024 0.11462189443144745 0.732862286072932 1.843611570790441 0.870971855049883  
2.003586029746093 0.6813528756704582 0.3597624321377048 1.0714373554108967 1.094990366105245  
2.171049944267159 0.1264724821985925 1.3250504290264922 0.3969187012929962 0.3004319854256469  
1.5624473733069635 0.2796753108480027 0.42375205084722734 2.7814240677829165 0.07031798953746535  
0.8108448510710037 0.5411043348506669 0.1198786572994569 1.2901812516255164 0.696358977698523  
1.1937401953709545 0.07787393643242169 0.41065519204409884 0.2235975894583599 0.1906851308955531  
2.840839710466751 0.33778276857015904 2.984277918487104 0.3505076514934155 2.330452600344892  
0.9781419154208982 1.7659578618016905 0.41432783737210555 0.15806847245915706 1.4490654398553788  
0.9964374834220495 0.3933209017368264 0.4846645782685909 0.41367529469178926 0.2246917087915862  
0.2559000766784071 0.14949401405503115 0.9521594006667694 0.8365682033044874 0.05953971296623657  
0.49952342375692976 0.055701639613531494 0.130019848241769 2.2881563415558492 1.3554729402737695  
0.29685555813090564 0.2311146533286513 0.14842661243993455 1.7178910668307674 0.247670427942457  
1.2208427247566553 1.3545907322375974 3.424687454114229 0.7348876020518849 3.6435030046305  
1.5971747082585117 0.24602641381626958 1.375432377771609 0.7790353190480814 0.3729212048598345  
2.383209731132119 0.05490241345339899 0.41003888810115524 1.269931740749164 0.1621909623545958  
0.2395497284647037 0.0060515809875106895 0.33054982346651657 2.5784880609463094 2.072278645958094  
2.4030317024284003 1.368274273471337 0.9158982812448743 0.02559243450989475 4.908180824768945  
0.34981560985712823 1.5000739114330655 2.118978364642216 0.26676684358474656 1.653008053088537  
4.463739616916609 0.2704999300086485 1.0624280440284195 1.495244550229614 0.4061607751586945  
0.5330521200527952 2.5440642137541234 3.4597983697961894 2.4425994352897087 0.019363853787727987  
0.11256025249312805 0.33715536733191975 0.11637433257405912 1.5715596598324686 0.4427488572455818  
1.4106027082488175 2.334258487813774 1.3848878358075505 0.9282129507731453 2.5796781825305604  
1.3165753920215433 0.28710288416325536 2.949842959856869 0.14243521171648454 1.283569125805944  
0.7177009148292931 0.2601147765351689 2.014301049355943 0.032487668156172746 0.025394212360733446  
0.4757175776507067 0.405331938770497 1.1256628297399025 0.4905377385232508 0.9973281910323198  
0.6898923756527294 0.1202617731358001 0.07823789607510241 0.9869370298722342 0.3805039232363025  
0.07546635829321932 0.23950115342325498 1.3651934338630083 1.2017793774517591 0.6980371370782006  
0.0759329356842201 0.3946526208165641 2.7086746445822727 0.48430610802719337 0.13512093497371094  
0.9530969324557611 0.30309685576813816 0.1920876238672167 0.1601173074191019 0.9068754407821759  
0.027048747160577587 0.501933676936656 0.3992343946017632 0.8819598818662153 0.855231201875733  
0.8369291727338654 0.0569213195617705 0.14003169126591367 1.9269946187593252 0.040273020496546914  
0.37412902615668014 1.6940972547676199 0.07619423145318553 0.08265540887885744 0.3231623051922039  
0.019247860840580527 0.2408194767164854 0.4832440531424154 0.3067164804575318 0.9199125566414773  
2.1331911211439842 0.3566465552300546 0.03478121688485901 0.7598475265344858 1.0112004674763004  
1.992000726875752 0.4352795815893869 2.0369566513400312 1.6483146100585773 0.5877455267108188  
0.7841725086015566 3.501335811980412 0.1485397601421832 2.7904168890886063 1.4339074267215142  
0.6104156616353803 0.0105185818056954 0.2592284996856374 0.3407818737908972 0.46786052107580156  
0.7870486334239876 2.6402289815646243 0.3632844813902898 1.0233290598997387 1.4536519173899742  
2.5269920530682737 0.38193892231582033 1.5648184797976543 0.03633920699939033 3.834296163784585  
0.3797883743603767 1.955899941305798 0.3431405029742903 0.5368475197450779 1.339156031037387  
1.277711304296285 0.3773953787711275 2.1638481521378137 0.7602877757595403 0.024142678175164137  
0.8334610810601444 1.6119049856023904 1.5517594076751917 0.7240165710322981 0.8015613931792769  
0.17423382626877457 0.7222530522524604 0.3071164311756505 0.1863771103556642 1.165616707961299  
0.16004779266227304 0.010309066679297473 1.4715463769181483 0.5033638303161977 1.2097340393528369  
0.5587454677834657 0.4327052197698015 1.2163524704818178 0.00644419536246223 1.088840074647222  
1.721656597018892 0.0039613921019137684 0.9088855430589295 1.766906191237552 0.5502708651876953  
0.18682355584438723 1.1198073723606101 1.0478189873857955 1.1323938846193062 0.9739762042416968  
0.06713523569468749 2.8197283064227827 1.0264953057502813 0.023528204735557556 1.8402606129808101  
4.422306001791461 0.1529106909446757 0.7990141906285317 0.20393077950187102 3.2027511169059566  
1.3059123380954758 0.4059052806131567 2.5743661190070757 2.6771458128052115 1.6313598279944106  
1.5632629658516253 1.5973682393779 1.070211879538864 0.23671442958137343 0.6932141997571929  
1.6798776147523784 0.3168094863356624 0.44975648572982063 1.6328339761520712 0.9272059893352685  
0.5562282233398781 0.7915123050249443 1.052194407203772 1.1140861994360838 0.5726682862353103  
0.48226233697784326 1.864309236814809 0.30478310656011903 0.28867595028166426 2.109280617577666  
